8.58923053741455
8.361713409423828
8.134196281433105
7.91475248336792
7.761423110961914
7.60809326171875
7.454763889312744
7.30143404006958
7.148104667663574
6.99477481842041
6.841445446014404
6.68811559677124
6.583642482757568
6.523238658905029
6.46283483505249
6.402431011199951
6.34202766418457
6.281623840332031
6.221220016479492
6.160816192626953
6.100412368774414
6.086302280426025
6.07500696182251
6.063711166381836
6.05241584777832
6.041120052337646
6.029824733734131
6.018528938293457
6.007233619689941
6
6
8.223061561584473
7.987215995788574
7.751370429992676
7.527779579162598
7.40454626083374
7.281312942504883
7.158079624176025
7.034846305847168
6.911612987518311
6.788379669189453
6.665146827697754
6.541913509368896
6.458294868469238
6.410409927368164
6.36252498626709
6.314640045166016
6.266755104064941
6.218870162963867
6.170985221862793
6.123100280761719
6.075215339660645
6.064511299133301
6.056067943572998
6.047624111175537
6.039180755615234
6.030737400054932
6.022294044494629
6.013850688934326
6.005406856536865
6
6
7.856893539428711
7.612719058990479
7.368544578552246
7.140806674957275
7.047669887542725
6.954532623291016
6.861395835876465
6.768259048461914
6.675121784210205
6.581984996795654
6.488847732543945
6.395710945129395
6.332947254180908
6.297581195831299
6.262215137481689
6.226848602294922
6.191482543945312
6.156116485595703
6.120749950408936
6.085383892059326
6.050017833709717
6.042719841003418
6.037128448486328
6.031537055969238
6.025946140289307
6.020354747772217
6.014763355255127
6.009171962738037
6.003580570220947
6
6
7.490725040435791
7.238221645355225
6.985718250274658
6.753833770751953
6.690793037414551
6.627752304077148
6.564711570739746
6.501671314239502
6.4386305809021
6.375589847564697
6.312549114227295
6.249508857727051
6.207600116729736
6.184752464294434
6.161904811859131
6.139057636260986
6.116209983825684
6.093362808227539
6.070515155792236
6.047667503356934
6.024820327758789
6.020928859710693
6.018189430236816
6.015450000762939
6.012711048126221
6.009971618652344
6.007232666015625
6.004493236541748
6.001754283905029
6
6
7.133798599243164
6.874497890472412
6.61519718170166
6.380417346954346
6.346438884735107
6.312460422515869
6.278482437133789
6.244503974914551
6.210525989532471
6.176547527313232
6.142569065093994
6.108591079711914
6.086812496185303
6.076037883758545
6.065263748168945
6.054489135742188
6.043715000152588
6.03294038772583
6.02216625213623
6.011391639709473
6.000617504119873
6.000034809112549
6.000072002410889
6.000109195709229
6.000146389007568
6.00018310546875
6.00022029876709
6.00025749206543
6.00029468536377
6.000360012054443
6.000476360321045
7.001089096069336
6.772139072418213
6.543189525604248
6.33588981628418
6.305888652801514
6.275887489318848
6.245886325836182
6.215885162353516
6.18588399887085
6.155882835388184
6.125881671905518
6.095880508422852
6.076651096343994
6.067137718200684
6.057624816894531
6.048111438751221
6.03859806060791
6.029085159301758
6.019571781158447
6.010058403015137
6.000545024871826
6.000917911529541
6.001891613006592
6.002865314483643
6.003838539123535
6.004812240600586
6.005785942077637
6.006759643554688
6.007733345031738
6.009454250335693
6.012505531311035
6.868380069732666
6.669780731201172
6.471181392669678
6.291362762451172
6.265338897705078
6.239314556121826
6.213290691375732
6.18726634979248
6.161242485046387
6.135218143463135
6.109194278717041
6.083170413970947
6.066489696502686
6.058237552642822
6.049985408782959
6.041733741760254
6.033481597900391
6.025229454040527
6.016977310180664
6.008725166320801
6.000473022460938
6.001800537109375
6.003710746765137
6.005620956420898
6.00753116607666
6.009441375732422
6.011351585388184
6.013261795043945
6.015172004699707
6.018548488616943
6.024535179138184
6.735671043395996
6.567422389984131
6.399173736572266
6.246835708618164
6.224788665771484
6.202741622924805
6.180694580078125
6.158647537231445
6.136600971221924
6.114553928375244
6.092506885528564
6.070459842681885
6.056328773498535
6.049337863922119
6.042346477508545
6.035355567932129
6.028364658355713
6.021373748779297
6.014382839202881
6.007391452789307
6.000400543212891
6.002683639526367
6.00553035736084
6.008377075195312
6.011223793029785
6.014070510864258
6.016917705535889
6.019764423370361
6.022611141204834
6.027642726898193
6.036564826965332
6.602961540222168
6.46506404876709
6.327166080474854
6.202308654785156
6.184238433837891
6.166168689727783
6.148098945617676
6.13002872467041
6.111958980560303
6.093889236450195
6.075819492340088
6.057749271392822
6.046167373657227
6.040437698364258
6.034707546234131
6.028977870941162
6.023247718811035
6.017518043518066
6.011788368225098
6.006058216094971
6.000328540802002
6.003566741943359
6.007349967956543
6.011133193969727
6.01491641998291
6.018699645996094
6.022483348846436
6.026266574859619
6.030049800872803
6.036736965179443
6.048593997955322
6.470252513885498
6.362705230712891
6.255158424377441
6.15778112411499
6.143688678741455
6.129595756530762
6.115502834320068
6.101410388946533
6.08731746673584
6.073224544525146
6.059131622314453
6.045039176940918
6.036005973815918
6.031537532806396
6.027068614959717
6.022599697113037
6.018131256103516
6.013662338256836
6.009193420410156
6.004724979400635
6.000256061553955
6.004449367523193
6.009169101715088
6.013889312744141
6.018609046936035
6.023329257965088
6.028048992156982
6.032768726348877
6.03748893737793
6.045831203460693
6.060623645782471
6.337543487548828
6.26034688949585
6.183150291442871
6.113254070281982
6.103138446807861
6.09302282333374
6.082907199859619
6.072791576385498
6.062675476074219
6.052559852600098
6.042444229125977
6.032328605651855
6.025845050811768
6.022637367248535
6.019429683685303
6.01622200012207
6.013014316558838
6.009806632995605
6.006598949432373
6.003391265869141
6.000184059143066
6.005332469940186
6.010988712310791
6.016645431518555
6.02230167388916
6.027958393096924
6.033614635467529
6.039271354675293
6.044927597045898
6.054924964904785
6.072653293609619
6.204833984375
6.157988548278809
6.111142635345459
6.068727016448975
6.062588214874268
6.056449890136719
6.050311088562012
6.044172763824463
6.038033962249756
6.031895637512207
6.0257568359375
6.019618034362793
6.015683650970459
6.013737201690674
6.011790752410889
6.009844303131104
6.007897853851318
6.005950927734375
6.00400447845459
6.002058029174805
6.00011157989502
6.00621509552002
6.012808322906494
6.019401073455811
6.025994300842285
6.03258752822876
6.039180278778076
6.045773506164551
6.052366256713867
6.064019203186035
6.084682464599609
6.07212495803833
6.055629730224609
6.039134979248047
6.024199485778809
6.022037982940674
6.019876956939697
6.017715454101562
6.015553951263428
6.013392448425293
6.011230945587158
6.009069442749023
6.006907939910889
6.00552225112915
6.004837036132812
6.004151821136475
6.003466129302979
6.002780914306641
6.002095699310303
6.001410007476807
6.000724792480469
6.000039100646973
6.007098197937012
6.014627456665039
6.022157192230225
6.02968692779541
6.037216663360596
6.044745922088623
6.052275657653809
6.059805393218994
6.073113441467285
6.096712112426758
6
6
6
6
6
6
6
6
6
6
6
6
6.000707626342773
6.002053260803223
6.003398418426514
6.004744052886963
6.006089687347412
6.007435321807861
6.008780956268311
6.01012659072876
6.011472225189209
6.022313117980957
6.033731460571289
6.045149803161621
6.056567668914795
6.067986011505127
6.079404354095459
6.090822696685791
6.102241039276123
6.120874404907227
6.152356624603271
6
6
6
6
6
6
6
6
6
6
6
6
6.002256870269775
6.006550312042236
6.010843276977539
6.015136241912842
6.019429206848145
6.023722648620605
6.028015613555908
6.032308578491211
6.036601543426514
6.054590225219727
6.07341194152832
6.092233180999756
6.111054420471191
6.129875659942627
6.148697376251221
6.167518615722656
6.186339855194092
6.214667797088623
6.259924411773682
6
6
6
6
6
6
6
6
6
6
6
6
6.003806591033936
6.01104736328125
6.018287658691406
6.025528430938721
6.032768726348877
6.040009498596191
6.047250270843506
6.054490566253662
6.061731338500977
6.086867809295654
6.113091945648193
6.139316558837891
6.165541172027588
6.191765308380127
6.217989921569824
6.244214534759521
6.270439147949219
6.30846118927002
6.36749267578125
6
6
6
6
6
6
6
6
6
6
6
6
6.005356311798096
6.015544414520264
6.025732517242432
6.0359206199646
6.046108722686768
6.056296348571777
6.066484451293945
6.076672554016113
6.086860656738281
6.119144916534424
6.152772426605225
6.186399936676025
6.220027446746826
6.253655433654785
6.287282943725586
6.320910453796387
6.354537963867188
6.402255058288574
6.47506046295166
6
6
6
6
6
6
6
6
6
6
6
6
6.006906032562256
6.020041465759277
6.033176898956299
6.046312808990479
6.0594482421875
6.072583675384521
6.085719108581543
6.098854541778564
6.111989974975586
6.151422023773193
6.192452907562256
6.23348331451416
6.274514198303223
6.315545082092285
6.356575489044189
6.397606372833252
6.438637256622314
6.496048450469971
6.582628726959229
6
6
6
6
6
6
6
6
6
6
6
6
6.008455753326416
6.024538516998291
6.040621757507324
6.056704521179199
6.072787761688232
6.088870525360107
6.104953765869141
6.121036529541016
6.137119770050049
6.183699607849121
6.232133388519287
6.280567169189453
6.329000949859619
6.377434730529785
6.425868511199951
6.474302291870117
6.522736072540283
6.589841842651367
6.690196514129639
6
6
6
6
6
6
6
6
6
6
6
6
6.010005474090576
6.029036045074463
6.048066139221191
6.067096710205078
6.086127281188965
6.105157852172852
6.124188423156738
6.143218517303467
6.162249088287354
6.215976715087891
6.27181339263916
6.327650547027588
6.383487224578857
6.439324378967285
6.495161056518555
6.550998210906982
6.606834888458252
6.683635234832764
6.797764778137207
6
6
6
6
6
6
6
6
6
6
6
6
6.011555194854736
6.033533096313477
6.055510997772217
6.077488899230957
6.099466800689697
6.121444702148438
6.143422603607178
6.165400981903076
6.187378883361816
6.24825382232666
6.311493873596191
6.374733924865723
6.437973976135254
6.501214027404785
6.564454078674316
6.627694129943848
6.690934181213379
6.77742862701416
6.905332565307617
6
6
6
6
6
6
6
6
6
6
6
6
6.013104915618896
6.03803014755249
6.062955379486084
6.087881088256836
6.11280632019043
6.137732028961182
6.162657260894775
6.187582969665527
6.212508201599121
6.280531406402588
6.351174354553223
6.421817302703857
6.49246072769165
6.563103675842285
6.633747100830078
6.704390048980713
6.775032997131348
6.871222019195557
7.012900352478027
6
6
6
6
6
6
6
6
6
6
6
6
6.01934814453125
6.056148052215576
6.092948436737061
6.129748821258545
6.166549205780029
6.203349113464355
6.24014949798584
6.276949882507324
6.313750267028809
6.394690990447998
6.478315353393555
6.561939716339111
6.645564079284668
6.729188442230225
6.812812328338623
6.89643669128418
6.980061054229736
7.084795951843262
7.227121829986572
6
6
6
6
6
6
6
6
6
6
6
6
6.026271343231201
6.076240062713623
6.126208305358887
6.176177024841309
6.226145267486572
6.276113986968994
6.326082706451416
6.37605094909668
6.426019668579102
6.520714282989502
6.618127822875977
6.715541362762451
6.812955379486084
6.910368919372559
7.007782936096191
7.105196475982666
7.202610015869141
7.31572437286377
7.456795692443848
6
6
6
6
6
6
6
6
6
6
6
6
6.033194541931152
6.096331596374512
6.159468173980713
6.222605228424072
6.285741806030273
6.348878860473633
6.412015438079834
6.475152015686035
6.538289070129395
6.646737575531006
6.757940292358398
6.869143486022949
6.9803466796875
7.091549873352051
7.202753067016602
7.313956260681152
7.425158977508545
7.546652317047119
7.686469554901123
6
6
6
6
6
6
6
6
6
6
6
6
6.040117740631104
6.1164231300354
6.192728042602539
6.269032955169678
6.345338344573975
6.421643257141113
6.497948169708252
6.574253559112549
6.650558471679688
6.77276086807251
6.897753238677979
7.022745609283447
7.147737979888916
7.272730827331543
7.397723197937012
7.52271556854248
7.647708415985107
7.777580738067627
7.916143417358398
6
6
6
6
6
6
6
6
6
6
6
6
6.047041416168213
6.136514663696289
6.225987911224365
6.315461158752441
6.404934406280518
6.494408130645752
6.583881378173828
6.673354625701904
6.76282787322998
6.898783683776855
7.0375657081604
7.176347732543945
7.31512975692749
7.453911304473877
7.592693328857422
7.731475353240967
7.870257377624512
8.008508682250977
8.145816802978516
6
6
6
6
6
6
6
6
6
6
6
6
6.053964614868164
6.156606197357178
6.259247779846191
6.361889362335205
6.464530944824219
6.567172527313232
6.669814109802246
6.77245569229126
6.875097274780273
7.024806976318359
7.17737865447998
7.329949855804443
7.482521057128906
7.635092258453369
7.787663459777832
7.940234661102295
8.092805862426758
8.239437103271484
8.37549114227295
6
6
6
6
6
6
6
6
6
6
6
6
6.060887813568115
6.176697731018066
6.292507648468018
6.408317565917969
6.52412748336792
6.639937400817871
6.755747318267822
6.871557235717773
6.987367153167725
7.150830268859863
7.317191123962402
7.483551979064941
7.649912357330322
7.816273212432861
7.982633590698242
8.148994445800781
8.31535530090332
8.470365524291992
8.605164527893066
6
6
6
6
6
6
6
6
6
6
6
6
6.067811012268066
6.196789264678955
6.325767517089844
6.454745769500732
6.583723545074463
6.712701797485352
6.84168004989624
6.970658302307129
7.099636554718018
7.276853561401367
7.457003593444824
7.637153625488281
7.817303657531738
7.997454166412354
8.177603721618652
8.35775375366211
8.537903785705566
8.7012939453125
8.8348388671875
6.00462818145752
6.005050659179688
6.005473136901855
6.006067276000977
6.008065700531006
6.010064601898193
6.012063503265381
6.01406192779541
6.016060829162598
6.018059253692627
6.020058155059814
6.022057056427002
6.096786975860596
6.237122535705566
6.377457618713379
6.51779317855835
6.65812873840332
6.798463821411133
6.938799381256104
7.079134464263916
7.219470024108887
7.406874179840088
7.597139358520508
7.787405014038086
7.977670669555664
8.167936325073242
8.35820198059082
8.548467636108398
8.738733291625977
8.906912803649902
9.03576374053955
