76
37
27
30
30
30
30
30
29
28
70
167
178
74
39
183
225
218
219
217
218
219
218
220
217
119
42
28
29
29
43
27
29
30
29
30
30
30
30
29
33
87
147
73
24
81
227
215
219
226
223
215
215
215
220
205
58
24
28
30
30
41
29
30
30
30
30
30
30
28
38
115
212
180
27
37
156
227
226
217
134
173
216
215
215
216
218
150
59
28
29
30
28
30
30
30
30
30
30
30
28
35
128
230
149
26
91
223
220
180
110
28
114
218
216
215
214
218
229
148
44
24
24
45
30
30
30
30
30
30
30
30
28
57
115
67
43
179
229
181
62
24
30
162
220
216
216
212
218
229
154
60
67
76
139
30
30
30
30
30
30
30
30
29
29
27
25
62
213
223
126
21
34
110
227
223
222
223
226
202
149
58
94
183
199
217
29
29
30
30
30
30
30
30
30
29
29
27
59
209
192
55
22
54
212
217
137
164
164
155
128
98
103
171
222
229
207
32
43
38
29
30
30
30
30
30
30
31
32
62
172
176
59
77
78
169
121
27
42
45
25
85
199
229
220
210
212
153
68
70
39
30
30
30
30
30
30
29
32
46
56
89
216
197
206
157
54
26
27
47
28
22
111
212
221
208
214
184
84
87
63
28
30
30
30
30
30
30
30
30
33
29
53
198
229
227
199
49
24
67
167
108
38
126
212
218
216
219
209
97
31
36
34
30
30
30
30
30
30
30
30
29
28
52
199
225
199
75
25
57
168
227
220
136
178
214
216
214
216
229
178
29
34
34
30
30
30
30
29
30
30
30
30
28
47
171
223
143
23
83
190
225
215
213
215
221
215
214
215
210
217
201
30
30
30
30
30
30
30
28
29
30
30
30
29
29
70
197
170
109
206
227
215
215
216
217
215
215
215
222
167
136
105
30
30
30
30
29
34
59
66
40
29
30
30
31
28
43
179
229
229
220
213
214
216
216
215
215
215
215
226
163
52
24
30
30
30
30
28
36
130
211
121
27
29
37
54
30
41
147
210
219
216
209
209
209
215
216
215
215
215
213
229
145
41
30
30
30
30
30
29
42
118
137
29
28
51
116
63
27
29
87
211
219
215
211
161
190
216
216
215
215
216
229
138
43
30
30
30
30
30
30
27
55
83
30
29
32
52
59
29
29
29
84
190
219
218
206
137
154
209
217
216
224
169
114
70
30
30
30
30
30
30
30
29
29
29
29
29
29
29
30
30
29
27
45
175
220
225
176
40
151
218
225
138
61
128
82
30
30
30
30
30
30
30
30
29
32
46
41
28
30
30
30
30
30
28
57
182
216
220
188
197
222
168
47
29
37
31
30
30
30
30
29
29
30
29
27
82
196
149
25
27
30
30
30
30
30
27
76
214
217
219
208
196
170
104
134
96
38
30
30
30
29
41
44
29
27
65
181
225
211
141
62
27
30
30
30
29
40
38
141
215
216
215
215
216
218
219
227
120
29
30
30
29
34
36
29
27
98
225
219
216
221
176
35
28
30
30
30
31
27
122
213
216
215
216
213
212
215
229
158
30
30
30
30
30
31
28
30
116
227
216
215
219
216
146
28
29
30
30
29
27
169
218
216
215
216
213
210
213
228
164
29
30
30
30
30
30
29
33
123
229
215
214
215
221
187
39
25
30
30
28
56
202
217
215
213
220
216
217
214
227
165
36
29
30
30
29
27
21
41
149
229
214
215
220
196
62
89
107
28
29
27
84
222
217
213
224
199
102
163
216
229
153
36
30
28
24
27
66
109
145
201
220
214
222
216
115
61
210
171
28
29
29
45
148
212
219
227
106
23
124
213
229
164
31
28
41
91
154
197
211
214
216
214
217
202
127
54
165
167
60
29
30
30
25
88
211
229
137
41
25
55
176
229
187
30
25
97
201
223
220
220
218
215
217
218
151
23
51
182
115
20
28
30
29
41
162
229
175
53
28
29
26
152
229
173
30
25
90
204
226
214
214
214
215
217
217
171
66
32
156
198
100
27
26
29
106
207
166
56
26
29
29
27
150
230
150
30
28
44
150
223
217
215
215
215
215
216
211
170
110
177
228
204
157
73
29
154
223
111
47
34
29
29
28
66
187
150
59
64
74
161
228
223
221
221
221
221
222
223
222
216
218
222
226
229
196
167
207
225
194
190
176
91
66
66
64
172
139
