0,202
0,204
0,205
0,206
0,207
0,209
0,210
0,212
0,213
1,202
1,203
1,204
1,205
1,206
1,207
1,208
1,209
1,210
1,211
1,212
2,203
2,204
2,205
2,206
2,207
2,209
2,210
2,211
2,212
3,203
3,204
3,205
3,206
3,207
3,209
3,210
3,211
3,212
4,203
4,204
4,205
4,206
4,207
4,208
4,209
4,210
4,211
4,212
4,213
5,203
5,204
5,205
5,206
5,207
5,208
5,209
5,211
6,203
6,204
6,205
6,206
6,207
6,208
6,209
6,211
7,202
7,203
7,204
7,205
7,206
7,207
7,208
7,209
7,211
8,202
8,203
8,204
8,205
8,206
8,207
8,208
8,209
8,211
9,202
9,203
9,204
9,205
9,206
9,207
9,208
9,209
9,211
10,202
10,203
10,204
10,205
10,206
10,207
10,208
10,209
10,211
11,202
11,203
11,204
11,205
11,206
11,207
11,208
11,209
11,211
12,202
12,203
12,204
12,205
12,206
12,207
12,208
12,209
12,211
13,202
13,203
13,204
13,205
13,206
13,207
13,208
13,209
13,211
14,202
14,203
14,204
14,205
14,206
14,207
14,208
14,209
14,211
15,202
15,203
15,204
15,205
15,206
15,207
15,208
15,209
15,210
15,211
16,202
16,203
16,204
16,205
16,206
16,207
16,208
16,209
16,210
16,211
16,212
17,202
17,203
17,204
17,205
17,206
17,207
17,208
17,209
17,211
17,212
18,202
18,203
18,204
18,205
18,206
18,207
18,208
18,209
18,211
18,212
19,202
19,203
19,204
19,205
19,206
19,207
19,208
19,209
19,211
19,212
19,213
20,202
20,203
20,204
20,205
20,206
20,207
20,208
20,209
20,211
20,212
21,202
21,203
21,204
21,205
21,206
21,207
21,208
21,209
21,212
22,202
22,203
22,204
22,205
22,206
22,207
22,208
22,209
22,212
23,202
23,203
23,204
23,205
23,206
23,207
23,208
23,209
23,212
24,202
24,203
24,204
24,205
24,206
24,207
24,208
24,209
24,212
25,202
25,203
25,204
25,205
25,206
25,207
25,208
25,209
25,212
26,202
26,203
26,204
26,205
26,206
26,207
26,208
26,209
26,211
26,212
27,202
27,203
27,204
27,205
27,206
27,207
27,208
27,209
27,211
27,212
28,202
28,203
28,204
28,205
28,206
28,207
28,208
28,209
28,211
28,212
29,202
29,203
29,204
29,205
29,206
29,207
29,208
29,209
29,210
29,211
29,212
30,202
30,203
30,204
30,205
30,206
30,207
30,208
30,209
30,210
30,211
30,212
31,202
31,203
31,204
31,205
31,206
31,207
31,208
31,209
31,210
31,211
32,203
32,204
32,205
32,206
32,207
32,208
32,209
32,210
32,211
32,212
33,203
33,204
33,205
33,206
33,207
33,208
33,209
33,210
33,211
34,203
34,204
34,205
34,206
34,207
34,208
34,209
34,210
34,211
35,203
35,204
35,205
35,206
35,207
35,208
35,209
35,210
35,211
36,203
36,204
36,205
36,206
36,207
36,208
36,209
36,210
36,211
37,202
37,204
37,205
37,206
37,207
37,208
37,209
37,210
37,211
37,213
38,202
38,204
38,205
38,206
38,207
38,208
38,209
38,210
38,211
39,204
39,205
39,206
39,207
39,208
39,209
39,210
39,211
39,212
40,202
40,204
40,205
40,206
40,207
40,208
40,209
40,210
40,211
40,212
40,213
41,203
41,205
41,206
41,207
41,208
41,209
41,210
41,211
41,212
41,213
41,216
41,217
41,218
42,202
42,203
42,205
42,206
42,207
42,208
42,209
42,210
42,211
42,212
42,213
42,214
42,215
42,216
42,217
42,218
43,202
43,203
43,205
43,206
43,207
43,208
43,209
43,210
43,211
43,212
43,213
43,215
43,216
43,217
44,202
44,203
44,205
44,206
44,207
44,208
44,209
44,210
44,211
44,212
44,213
44,215
44,216
44,217
45,202
45,203
45,205
45,206
45,207
45,208
45,209
45,210
45,211
45,212
45,213
45,215
45,216
45,217
45,218
46,0
46,1
46,2
46,3
46,4
46,5
46,6
46,7
46,11
46,14
46,15
46,16
46,17
46,18
46,19
46,20
46,32
46,33
46,202
46,203
46,205
46,206
46,207
46,208
46,209
46,210
46,211
46,212
46,213
46,215
46,216
46,217
47,0
47,1
47,2
47,3
47,4
47,5
47,6
47,7
47,9
47,10
47,11
47,15
47,16
47,17
47,18
47,19
47,20
47,21
47,22
47,23
47,24
47,25
47,26
47,27
47,28
47,29
47,30
47,31
47,32
47,33
47,34
47,35
47,36
47,202
47,203
47,205
47,206
47,207
47,208
47,209
47,210
47,211
47,212
47,213
47,215
47,216
47,217
47,218
48,0
48,1
48,2
48,3
48,4
48,5
48,6
48,7
48,8
48,9
48,10
48,11
48,12
48,13
48,14
48,15
48,21
48,22
48,23
48,24
48,25
48,26
48,27
48,28
48,29
48,30
48,31
48,32
48,33
48,34
48,35
48,203
48,205
48,206
48,207
48,208
48,209
48,210
48,211
48,212
48,213
48,215
48,216
48,217
49,0
49,1
49,2
49,3
49,4
49,5
49,6
49,7
49,8
49,9
49,10
49,11
49,12
49,13
49,14
49,15
49,16
49,17
49,18
49,19
49,20
49,33
49,34
49,35
49,202
49,203
49,205
49,206
49,207
49,208
49,209
49,210
49,211
49,212
49,213
49,215
49,216
49,217
49,218
50,0
50,1
50,2
50,3
50,4
50,5
50,6
50,7
50,8
50,9
50,10
50,11
50,12
50,13
50,14
50,15
50,16
50,17
50,18
50,19
50,20
50,21
50,22
50,23
50,24
50,25
50,26
50,27
50,28
50,29
50,30
50,31
50,32
50,33
50,35
50,36
50,204
50,205
50,206
50,207
50,208
50,209
50,210
50,211
50,212
50,213
50,214
50,215
50,216
50,217
50,218
51,0
51,1
51,2
51,3
51,4
51,5
51,6
51,7
51,8
51,9
51,10
51,11
51,12
51,13
51,14
51,15
51,16
51,17
51,18
51,19
51,20
51,21
51,22
51,23
51,24
51,25
51,26
51,27
51,28
51,29
51,30
51,31
51,32
51,33
51,34
51,35
51,36
51,37
51,38
51,39
51,40
51,47
51,133
51,204
51,205
51,206
51,207
51,208
51,209
51,210
51,211
51,212
51,213
51,214
51,215
51,216
51,217
51,218
52,0
52,1
52,2
52,3
52,4
52,5
52,6
52,7
52,8
52,9
52,10
52,11
52,12
52,13
52,14
52,15
52,16
52,17
52,18
52,19
52,20
52,21
52,22
52,23
52,24
52,25
52,26
52,27
52,28
52,29
52,30
52,31
52,32
52,33
52,34
52,35
52,36
52,37
52,38
52,39
52,40
52,41
52,42
52,43
52,44
52,45
52,46
52,47
52,49
52,83
52,84
52,85
52,86
52,87
52,88
52,89
52,90
52,91
52,92
52,93
52,94
52,95
52,96
52,97
52,98
52,99
52,100
52,101
52,102
52,103
52,104
52,105
52,106
52,107
52,108
52,109
52,110
52,111
52,112
52,113
52,114
52,115
52,116
52,117
52,118
52,119
52,120
52,121
52,122
52,123
52,124
52,125
52,126
52,127
52,128
52,129
52,130
52,131
52,132
52,133
52,199
52,200
52,201
52,202
52,203
52,204
52,205
52,206
52,207
52,208
52,209
52,210
52,211
52,212
52,213
53,0
53,1
53,2
53,3
53,4
53,5
53,6
53,7
53,8
53,9
53,10
53,11
53,12
53,13
53,14
53,15
53,16
53,17
53,18
53,19
53,20
53,21
53,22
53,23
53,24
53,25
53,26
53,27
53,28
53,29
53,30
53,31
53,32
53,33
53,34
53,35
53,36
53,37
53,38
53,39
53,40
53,41
53,42
53,43
53,44
53,45
53,46
53,47
53,48
53,49
53,50
53,51
53,52
53,53
53,54
53,55
53,56
53,57
53,58
53,59
53,60
53,61
53,62
53,63
53,64
53,65
53,66
53,67
53,68
53,69
53,70
53,71
53,72
53,73
53,74
53,75
53,76
53,77
53,78
53,79
53,80
53,81
53,82
53,83
53,84
53,85
53,86
53,87
53,88
53,89
53,90
53,91
53,92
53,93
53,94
53,95
53,96
53,97
53,98
53,99
53,100
53,101
53,102
53,103
53,104
53,105
53,106
53,107
53,108
53,109
53,110
53,111
53,112
53,113
53,114
53,115
53,116
53,117
53,118
53,119
53,120
53,121
53,122
53,123
53,124
53,125
53,126
53,127
53,128
53,129
53,130
53,131
53,132
53,133
53,134
53,135
53,136
53,137
53,138
53,139
53,140
53,141
53,142
53,143
53,144
53,145
53,146
53,147
53,148
53,149
53,150
53,151
53,152
53,153
53,154
53,155
53,156
53,157
53,158
53,159
53,160
53,161
53,162
53,163
53,164
53,165
53,166
53,167
53,168
53,169
53,170
53,171
53,172
53,173
53,174
53,175
53,176
53,177
53,178
53,179
53,180
53,181
53,182
53,183
53,184
53,185
53,186
53,187
53,188
53,189
53,190
53,191
53,192
53,193
53,194
53,195
53,196
53,197
53,198
53,199
53,200
53,201
53,202
53,203
53,204
53,205
53,206
53,207
53,208
53,209
53,210
53,211
53,212
53,213
54,1
54,2
54,3
54,4
54,5
54,6
54,7
54,8
54,9
54,10
54,11
54,12
54,13
54,14
54,15
54,16
54,17
54,18
54,19
54,20
54,21
54,22
54,23
54,24
54,25
54,26
54,27
54,28
54,29
54,30
54,31
54,32
54,33
54,34
54,35
54,36
54,37
54,38
54,39
54,40
54,41
54,42
54,43
54,44
54,45
54,46
54,47
54,48
54,49
54,50
54,51
54,52
54,53
54,54
54,55
54,56
54,57
54,58
54,59
54,60
54,61
54,62
54,63
54,64
54,65
54,66
54,67
54,68
54,69
54,70
54,71
54,72
54,73
54,74
54,75
54,76
54,77
54,78
54,79
54,80
54,81
54,82
54,83
54,84
54,85
54,86
54,87
54,88
54,89
54,90
54,91
54,92
54,93
54,94
54,95
54,96
54,97
54,98
54,99
54,100
54,101
54,102
54,103
54,104
54,105
54,106
54,107
54,108
54,109
54,110
54,111
54,112
54,113
54,114
54,115
54,116
54,117
54,118
54,119
54,120
54,121
54,122
54,123
54,124
54,125
54,126
54,127
54,128
54,129
54,130
54,131
54,132
54,133
54,134
54,135
54,136
54,137
54,138
54,139
54,140
54,141
54,142
54,143
54,144
54,145
54,146
54,147
54,148
54,149
54,150
54,151
54,152
54,153
54,154
54,155
54,156
54,157
54,158
54,159
54,160
54,161
54,162
54,163
54,164
54,165
54,166
54,167
54,168
54,169
54,170
54,171
54,172
54,173
54,174
54,175
54,176
54,177
54,178
54,179
54,180
54,181
54,182
54,183
54,184
54,185
54,186
54,187
54,188
54,189
54,190
54,191
54,192
54,193
54,194
54,195
54,196
54,197
54,198
54,199
54,200
54,201
54,202
54,203
54,204
54,205
54,206
54,207
54,208
54,209
54,210
54,211
54,212
54,213
55,1
55,2
55,3
55,4
55,5
55,6
55,7
55,8
55,9
55,10
55,11
55,12
55,13
55,14
55,15
55,16
55,17
55,18
55,19
55,20
55,21
55,22
55,23
55,24
55,25
55,26
55,27
55,28
55,29
55,30
55,31
55,32
55,33
55,34
55,35
55,36
55,37
55,38
55,39
55,40
55,41
55,42
55,43
55,44
55,45
55,46
55,47
55,48
55,49
55,50
55,51
55,52
55,53
55,54
55,55
55,56
55,57
55,58
55,59
55,60
55,61
55,62
55,63
55,64
55,65
55,66
55,67
55,68
55,69
55,70
55,71
55,72
55,73
55,74
55,75
55,76
55,77
55,78
55,79
55,80
55,81
55,82
55,83
55,84
55,85
55,86
55,87
55,88
55,89
55,90
55,91
55,92
55,93
55,94
55,95
55,96
55,97
55,98
55,99
55,100
55,101
55,102
55,103
55,104
55,105
55,106
55,107
55,108
55,109
55,110
55,111
55,112
55,113
55,114
55,115
55,116
55,117
55,118
55,119
55,120
55,121
55,122
55,123
55,124
55,125
55,126
55,127
55,128
55,129
55,130
55,131
55,132
55,133
55,134
55,135
55,136
55,137
55,138
55,139
55,140
55,141
55,142
55,143
55,144
55,145
55,146
55,147
55,148
55,149
55,150
55,151
55,152
55,153
55,154
55,155
55,156
55,157
55,158
55,159
55,160
55,161
55,162
55,163
55,164
55,165
55,166
55,167
55,168
55,169
55,170
55,171
55,172
55,173
55,174
55,175
55,176
55,177
55,178
55,179
55,180
55,181
55,182
55,183
55,184
55,185
55,186
55,187
55,188
55,189
55,190
55,191
55,192
55,193
55,194
55,195
55,196
55,197
55,198
55,199
55,200
55,201
55,202
55,203
55,204
55,205
55,206
55,207
55,208
55,209
55,210
55,211
55,212
56,0
56,1
56,3
56,11
56,12
56,13
56,14
56,15
56,16
56,17
56,18
56,19
56,20
56,21
56,22
56,23
56,24
56,25
56,26
56,27
56,28
56,29
56,30
56,31
56,32
56,33
56,34
56,35
56,36
56,37
56,38
56,39
56,40
56,41
56,42
56,43
56,44
56,45
56,46
56,47
56,48
56,49
56,50
56,51
56,52
56,53
56,54
56,55
56,56
56,57
56,58
56,59
56,60
56,61
56,62
56,63
56,64
56,65
56,66
56,67
56,68
56,69
56,70
56,71
56,72
56,73
56,74
56,75
56,76
56,77
56,78
56,79
56,80
56,81
56,82
56,83
56,84
56,85
56,86
56,87
56,88
56,89
56,90
56,91
56,92
56,93
56,94
56,95
56,96
56,97
56,98
56,99
56,100
56,101
56,102
56,103
56,104
56,105
56,106
56,107
56,108
56,109
56,110
56,111
56,112
56,113
56,114
56,115
56,116
56,117
56,118
56,119
56,120
56,121
56,122
56,123
56,124
56,125
56,126
56,127
56,128
56,129
56,130
56,131
56,132
56,133
56,134
56,135
56,136
56,137
56,138
56,139
56,140
56,141
56,142
56,143
56,144
56,145
56,146
56,147
56,148
56,149
56,150
56,151
56,152
56,153
56,154
56,155
56,156
56,157
56,158
56,159
56,160
56,161
56,162
56,163
56,164
56,165
56,166
56,167
56,168
56,169
56,170
56,171
56,172
56,173
56,174
56,175
56,176
56,177
56,178
56,179
56,180
56,181
56,182
56,183
56,184
56,185
56,186
56,187
56,188
56,189
56,190
56,191
56,192
56,193
56,194
56,195
56,196
56,197
56,198
56,199
56,200
56,201
56,202
56,203
56,204
56,205
56,206
56,207
56,208
56,209
56,210
56,211
57,0
57,1
57,8
57,12
57,13
57,14
57,15
57,16
57,17
57,18
57,19
57,20
57,21
57,22
57,23
57,24
57,25
57,26
57,27
57,28
57,29
57,30
57,31
57,32
57,33
57,34
57,35
57,36
57,37
57,38
57,39
57,40
57,41
57,42
57,43
57,44
57,45
57,46
57,47
57,48
57,49
57,50
57,51
57,52
57,53
57,54
57,55
57,56
57,57
57,58
57,59
57,60
57,61
57,62
57,63
57,64
57,65
57,66
57,67
57,68
57,69
57,70
57,71
57,72
57,73
57,74
57,75
57,76
57,77
57,78
57,79
57,80
57,81
57,82
57,83
57,84
57,85
57,86
57,87
57,88
57,89
57,90
57,91
57,92
57,93
57,94
57,95
57,96
57,97
57,98
57,99
57,100
57,101
57,102
57,103
57,104
57,105
57,106
57,107
57,108
57,109
57,110
57,111
57,112
57,113
57,114
57,115
57,116
57,117
57,118
57,119
57,120
57,121
57,122
57,123
57,124
57,125
57,126
57,127
57,128
57,129
57,130
57,131
57,132
57,133
57,134
57,135
57,136
57,137
57,138
57,139
57,140
57,141
57,142
57,143
57,144
57,145
57,146
57,147
57,148
57,149
57,150
57,151
57,152
57,153
57,154
57,155
57,156
57,157
57,158
57,159
57,160
57,161
57,162
57,163
57,164
57,165
57,166
57,167
57,168
57,169
57,170
57,171
57,172
57,173
57,174
57,175
57,176
57,177
57,178
57,179
57,180
57,181
57,182
57,183
57,184
57,185
57,186
57,187
57,188
57,189
57,190
57,191
57,192
57,193
57,194
57,195
57,196
57,197
57,198
57,199
57,200
57,201
57,202
57,203
57,204
57,205
57,206
57,207
57,208
57,209
57,210
57,211
58,17
58,28
58,30
58,31
58,32
58,33
58,34
58,35
58,36
58,37
58,38
58,39
58,40
58,41
58,42
58,43
58,44
58,45
58,46
58,47
58,48
58,49
58,50
58,51
58,52
58,53
58,54
58,55
58,56
58,57
58,58
58,59
58,60
58,61
58,62
58,63
58,64
58,65
58,66
58,67
58,68
58,69
58,70
58,71
58,72
58,73
58,74
58,75
58,76
58,77
58,78
58,79
58,80
58,81
58,82
58,83
58,84
58,85
58,86
58,87
58,88
58,89
58,90
58,91
58,92
58,93
58,94
58,95
58,96
58,97
58,98
58,99
58,100
58,101
58,102
58,103
58,104
58,105
58,106
58,107
58,108
58,109
58,110
58,111
58,112
58,113
58,114
58,115
58,116
58,117
58,118
58,119
58,120
58,121
58,122
58,123
58,124
58,125
58,126
58,127
58,128
58,129
58,130
58,131
58,132
58,133
58,134
58,135
58,136
58,137
58,138
58,139
58,140
58,141
58,142
58,143
58,144
58,145
58,146
58,147
58,148
58,149
58,150
58,151
58,152
58,153
58,154
58,155
58,156
58,157
58,158
58,159
58,160
58,161
58,162
58,163
58,164
58,165
58,166
58,167
58,168
58,169
58,170
58,171
58,172
58,173
58,174
58,175
58,176
58,177
58,178
58,179
58,180
58,181
58,182
58,183
58,184
58,185
58,186
58,187
58,188
58,189
58,190
58,191
58,192
58,193
58,194
58,195
58,196
58,197
58,198
58,199
58,200
58,201
58,202
58,203
58,204
58,205
58,206
58,207
58,208
58,209
58,210
58,211
58,212
59,15
59,16
59,17
59,18
59,19
59,20
59,21
59,22
59,23
59,24
59,25
59,26
59,27
59,28
59,29
59,31
59,32
59,33
59,34
59,35
59,36
59,37
59,38
59,39
59,40
59,41
59,42
59,43
59,44
59,45
59,46
59,47
59,48
59,49
59,50
59,51
59,52
59,53
59,54
59,55
59,56
59,57
59,58
59,59
59,60
59,61
59,62
59,63
59,64
59,65
59,66
59,67
59,68
59,69
59,70
59,71
59,72
59,73
59,74
59,75
59,76
59,77
59,78
59,79
59,80
59,81
59,82
59,83
59,84
59,85
59,86
59,87
59,88
59,89
59,90
59,91
59,92
59,93
59,94
59,95
59,96
59,97
59,98
59,99
59,100
59,101
59,102
59,103
59,104
59,105
59,106
59,107
59,108
59,109
59,110
59,111
59,112
59,113
59,114
59,115
59,116
59,117
59,118
59,119
59,120
59,121
59,122
59,123
59,124
59,125
59,126
59,127
59,128
59,129
59,130
59,131
59,132
59,133
59,134
59,135
59,136
59,137
59,138
59,139
59,140
59,141
59,142
59,143
59,144
59,145
59,146
59,147
59,148
59,149
59,150
59,151
59,152
59,153
59,154
59,155
59,156
59,157
59,158
59,159
59,160
59,161
59,162
59,163
59,164
59,165
59,166
59,167
59,168
59,169
59,170
59,171
59,172
59,173
59,174
59,175
59,176
59,177
59,178
59,179
59,180
59,181
59,182
59,183
59,184
59,185
59,186
59,187
59,188
59,189
59,190
59,191
59,192
59,193
59,194
59,195
59,196
59,197
59,198
59,199
59,200
59,201
59,202
59,203
59,204
59,205
59,206
59,207
59,208
59,209
59,210
59,211
59,212
60,15
60,16
60,17
60,18
60,19
60,20
60,26
60,27
60,28
60,29
60,30
60,31
60,36
60,37
60,38
60,40
60,45
60,46
60,47
60,48
60,49
60,50
60,51
60,52
60,53
60,54
60,55
60,56
60,57
60,58
60,59
60,60
60,61
60,62
60,63
60,64
60,65
60,66
60,67
60,68
60,69
60,70
60,71
60,72
60,73
60,74
60,75
60,76
60,77
60,78
60,79
60,80
60,81
60,82
60,83
60,84
60,85
60,86
60,87
60,88
60,89
60,90
60,91
60,92
60,93
60,94
60,95
60,96
60,97
60,98
60,99
60,100
60,101
60,102
60,103
60,104
60,105
60,106
60,107
60,108
60,109
60,110
60,111
60,112
60,113
60,114
60,115
60,116
60,117
60,118
60,119
60,120
60,121
60,122
60,123
60,124
60,125
60,126
60,127
60,128
60,129
60,130
60,131
60,132
60,133
60,134
60,135
60,136
60,137
60,138
60,139
60,140
60,141
60,142
60,143
60,144
60,145
60,146
60,147
60,148
60,149
60,150
60,151
60,152
60,153
60,154
60,155
60,156
60,157
60,158
60,159
60,160
60,161
60,162
60,163
60,164
60,165
60,166
60,167
60,168
60,186
60,187
60,188
60,189
60,190
60,191
60,192
60,193
60,194
60,195
60,196
60,197
60,198
60,202
60,203
60,205
60,206
60,207
60,208
60,209
60,211
60,212
61,15
61,16
61,17
61,18
61,19
61,20
61,21
61,22
61,23
61,24
61,25
61,26
61,27
61,28
61,29
61,30
61,31
61,32
61,33
61,34
61,35
61,36
61,37
61,38
61,39
61,40
61,41
61,42
61,43
61,44
61,45
61,46
61,47
61,48
61,49
61,50
61,51
61,52
61,53
61,54
61,55
61,56
61,57
61,58
61,59
61,60
61,61
61,62
61,63
61,64
61,65
61,66
61,67
61,68
61,69
61,70
61,71
61,72
61,73
61,74
61,75
61,76
61,77
61,78
61,79
61,80
61,81
61,82
61,83
61,84
61,85
61,86
61,87
61,88
61,89
61,90
61,91
61,92
61,93
61,94
61,95
61,96
61,97
61,98
61,99
61,100
61,101
61,102
61,103
61,104
61,105
61,106
61,107
61,108
61,109
61,110
61,111
61,112
61,113
61,114
61,115
61,116
61,117
61,118
61,119
61,120
61,121
61,122
61,123
61,124
61,125
61,126
61,127
61,128
61,129
61,130
61,131
61,132
61,133
61,134
61,135
61,136
61,137
61,138
61,139
61,140
61,141
61,142
61,143
61,144
61,145
61,146
61,147
61,148
61,149
61,150
61,151
61,152
61,153
61,154
61,155
61,156
61,157
61,158
61,159
61,160
61,161
61,162
61,163
61,164
61,165
61,166
61,167
61,168
61,170
61,171
61,181
61,182
61,183
61,184
61,185
61,186
61,187
61,188
61,189
61,190
61,191
61,192
61,193
61,194
61,195
61,196
61,197
61,198
61,199
61,200
61,201
61,202
61,203
61,205
61,206
61,207
61,208
61,209
61,211
61,212
62,16
62,18
62,19
62,26
62,27
62,28
62,29
62,30
62,31
62,32
62,33
62,34
62,35
62,36
62,37
62,38
62,39
62,40
62,42
62,43
62,44
62,169
62,183
62,184
62,186
62,199
62,201
62,202
62,203
62,205
62,206
62,207
62,208
62,209
62,211
63,202
63,203
63,205
63,206
63,207
63,208
63,209
63,211
64,202
64,203
64,205
64,206
64,207
64,208
64,209
64,211
65,202
65,203
65,205
65,206
65,207
65,208
65,209
65,211
66,202
66,203
66,204
66,205
66,206
66,207
66,208
66,209
66,211
67,202
67,203
67,205
67,206
67,207
67,208
67,209
67,211
68,204
68,205
68,206
68,207
68,208
68,209
68,211
69,203
69,205
69,206
69,207
69,208
69,209
69,211
70,203
70,205
70,206
70,207
70,208
70,209
70,211
71,202
71,203
71,205
71,206
71,207
71,208
71,209
71,211
72,203
72,205
72,206
72,207
72,208
72,209
72,211
73,203
73,205
73,206
73,207
73,208
73,209
73,211
74,202
74,203
74,205
74,206
74,207
74,208
74,209
74,211
75,202
75,203
75,205
75,206
75,207
75,208
75,209
75,211
76,202
76,203
76,204
76,205
76,206
76,207
76,208
76,209
76,211
77,203
77,204
77,205
77,206
77,207
77,208
77,209
77,212
78,203
78,204
78,205
78,206
78,207
78,208
78,209
78,211
78,212
79,203
79,204
79,205
79,206
79,207
79,208
79,209
79,211
79,212
79,213
80,203
80,204
80,205
80,206
80,207
80,208
80,209
80,211
80,212
81,203
81,204
81,205
81,206
81,207
81,208
81,209
81,211
81,212
82,203
82,204
82,205
82,206
82,207
82,208
82,209
82,211
82,212
83,203
83,204
83,205
83,206
83,207
83,208
83,209
83,211
83,212
84,203
84,204
84,205
84,206
84,207
84,208
84,209
84,211
84,212
85,203
85,204
85,205
85,206
85,207
85,208
85,209
85,210
85,211
86,203
86,204
86,205
86,206
86,207
86,208
86,209
86,210
86,211
87,203
87,204
87,205
87,206
87,207
87,208
87,209
87,210
87,211
88,203
88,204
88,205
88,206
88,207
88,208
88,209
88,210
88,211
89,203
89,205
89,206
89,207
89,208
89,209
89,210
89,211
90,202
90,203
90,204
90,205
90,206
90,207
90,208
90,209
90,210
90,211
91,204
91,205
91,206
91,207
91,208
91,209
91,210
91,211
92,204
92,205
92,206
92,207
92,208
92,209
92,210
92,211
93,202
93,203
93,205
93,206
93,207
93,208
93,209
93,210
93,211
94,202
94,204
94,205
94,206
94,207
94,208
94,209
94,210
94,211
95,202
95,204
95,205
95,206
95,207
95,208
95,209
95,210
95,211
96,202
96,203
96,205
96,206
96,207
96,208
96,209
96,210
96,211
97,203
97,204
97,205
97,206
97,207
97,208
97,209
97,210
97,211
98,203
98,205
98,206
98,207
98,208
98,209
98,210
98,211
99,202
99,203
99,205
99,206
99,207
99,208
99,209
99,210
99,211
100,202
100,203
100,205
100,206
100,207
100,208
100,209
100,210
100,211
101,202
101,203
101,205
101,206
101,207
101,208
101,209
101,210
101,211
102,202
102,203
102,205
102,206
102,207
102,208
102,209
102,210
102,211
103,202
103,203
103,205
103,206
103,207
103,208
103,209
103,210
103,211
104,202
104,203
104,205
104,206
104,207
104,208
104,209
104,210
104,211
105,202
105,203
105,205
105,206
105,207
105,208
105,209
105,210
105,211
106,202
106,203
106,205
106,206
106,207
106,208
106,209
106,210
106,211
107,202
107,203
107,205
107,206
107,207
107,208
107,209
107,210
107,211
108,202
108,203
108,205
108,206
108,207
108,208
108,209
108,210
108,211
109,202
109,203
109,205
109,206
109,207
109,208
109,209
109,210
109,211
110,203
110,204
110,205
110,206
110,207
110,208
110,209
110,210
110,211
110,212
111,202
111,203
111,205
111,206
111,207
111,208
111,209
111,211
111,212
112,202
112,203
112,205
112,206
112,207
112,208
112,209
112,211
112,212
113,202
113,203
113,204
113,205
113,206
113,207
113,208
113,209
113,211
113,212
114,203
114,204
114,205
114,207
114,208
114,209
114,211
114,212
115,202
115,203
115,204
115,205
115,206
115,207
115,208
115,209
115,211
115,212
116,202
116,203
116,204
116,205
116,207
116,208
116,209
116,211
116,212
117,203
117,204
117,205
117,207
117,208
117,209
117,210
117,211
117,212
118,202
118,203
118,205
118,206
118,207
118,208
118,209
118,210
118,211
118,212
119,203
119,204
119,206
119,207
119,210
119,211
145,202
145,203
145,205
145,206
145,207
145,209
145,211
145,212
146,202
146,203
146,204
146,205
146,206
146,207
146,208
146,209
146,210
146,211
146,212
147,202
147,203
147,204
147,205
147,206
147,207
147,209
147,210
147,211
147,212
148,202
148,203
148,205
148,206
148,207
148,208
148,209
148,210
148,211
149,202
149,203
149,204
149,205
149,206
149,207
149,208
149,209
149,211
149,212
150,203
150,205
150,206
150,207
150,208
150,209
150,210
150,211
150,212
151,202
151,204
151,205
151,206
151,207
151,208
151,209
151,211
151,212
152,203
152,204
152,205
152,206
152,207
152,208
152,209
152,211
152,212
152,213
153,203
153,204
153,205
153,206
153,207
153,208
153,209
153,211
153,212
154,203
154,204
154,205
154,206
154,207
154,208
154,209
154,211
154,212
155,203
155,204
155,205
155,206
155,207
155,208
155,209
155,211
155,212
156,203
156,204
156,205
156,206
156,207
156,208
156,209
156,210
156,211
156,212
157,203
157,204
157,205
157,206
157,207
157,208
157,209
157,210
157,211
158,203
158,204
158,205
158,206
158,207
158,208
158,209
158,210
158,211
159,203
159,204
159,205
159,206
159,207
159,208
159,209
159,210
159,211
160,203
160,204
160,205
160,206
160,207
160,208
160,209
160,210
160,211
161,203
161,204
161,205
161,206
161,207
161,208
161,209
161,210
161,211
162,203
162,204
162,205
162,206
162,207
162,208
162,209
162,210
162,211
163,203
163,204
163,205
163,206
163,207
163,208
163,209
163,210
163,211
164,203
164,204
164,205
164,206
164,207
164,208
164,209
164,210
164,211
165,203
165,204
165,205
165,206
165,207
165,208
165,209
165,210
165,211
166,203
166,204
166,205
166,206
166,207
166,208
166,209
166,210
166,211
167,203
167,204
167,205
167,206
167,207
167,208
167,209
167,210
167,211
168,203
168,204
168,205
168,206
168,207
168,208
168,209
168,210
168,211
169,203
169,204
169,205
169,206
169,207
169,208
169,209
169,210
169,211
170,203
170,204
170,205
170,206
170,207
170,208
170,209
170,210
170,211
171,203
171,204
171,205
171,206
171,207
171,208
171,209
171,210
171,211
172,202
172,203
172,204
172,205
172,206
172,207
172,208
172,209
172,210
172,211
173,202
173,203
173,204
173,205
173,206
173,207
173,208
173,209
173,210
173,211
174,202
174,203
174,204
174,205
174,206
174,207
174,208
174,209
174,210
174,211
175,202
175,203
175,204
175,205
175,206
175,207
175,208
175,209
175,210
175,211
176,202
176,203
176,204
176,205
176,206
176,207
176,208
176,209
176,210
176,211
177,202
177,203
177,204
177,205
177,206
177,207
177,208
177,209
177,210
177,211
178,202
178,203
178,204
178,205
178,206
178,207
178,208
178,209
178,210
178,211
179,202
179,203
179,204
179,205
179,206
179,207
179,208
179,209
179,210
179,211
180,202
180,203
180,204
180,205
180,206
180,207
180,208
180,209
180,210
180,211
181,202
181,203
181,204
181,205
181,206
181,207
181,208
181,209
181,210
181,211
182,202
182,203
182,204
182,205
182,206
182,207
182,208
182,209
182,210
182,211
183,202
183,203
183,204
183,205
183,206
183,207
183,208
183,209
183,210
183,211
184,202
184,203
184,204
184,205
184,206
184,207
184,208
184,209
184,210
184,212
185,202
185,203
185,204
185,205
185,206
185,207
185,208
185,209
185,211
185,212
186,202
186,203
186,204
186,205
186,206
186,207
186,208
186,209
186,211
186,212
187,202
187,203
187,204
187,205
187,206
187,207
187,208
187,209
187,211
187,212
188,202
188,203
188,204
188,205
188,206
188,207
188,208
188,209
188,212
189,202
189,203
189,204
189,205
189,206
189,207
189,208
189,209
189,212
190,202
190,203
190,204
190,205
190,206
190,207
190,208
190,209
190,212
191,203
191,204
191,205
191,206
191,207
191,208
191,209
191,212
192,197
192,198
192,199
192,200
192,201
192,202
192,203
192,204
192,205
192,206
192,207
192,208
192,209
192,212
193,197
193,198
193,199
193,200
193,201
193,202
193,203
193,204
193,205
193,206
193,207
193,208
193,209
193,212
194,197
194,198
194,199
194,200
194,201
194,202
194,203
194,204
194,205
194,206
194,207
194,208
194,209
194,212
195,197
195,198
195,199
195,200
195,201
195,202
195,203
195,204
195,205
195,206
195,207
195,208
195,209
195,212
196,197
196,198
196,199
196,200
196,201
196,202
196,203
196,204
196,205
196,206
196,207
196,208
196,209
196,212
197,198
197,199
197,201
197,202
197,203
197,204
197,205
197,206
197,207
197,208
197,209
197,212
198,197
198,198
198,199
198,200
198,201
198,202
198,203
198,204
198,205
198,206
198,207
198,208
198,209
198,212
199,198
199,199
199,201
199,202
199,203
199,204
199,205
199,206
199,207
199,208
199,209
199,212
200,197
200,198
200,199
200,200
200,202
200,203
200,204
200,205
200,206
200,207
200,208
200,209
200,212
201,197
201,198
201,199
201,200
201,202
201,203
201,204
201,205
201,206
201,207
201,208
201,209
201,212
202,197
202,198
202,199
202,200
202,202
202,203
202,204
202,205
202,206
202,207
202,208
202,209
202,212
203,202
203,203
203,204
203,205
203,206
203,207
203,208
203,209
203,212
204,202
204,203
204,204
204,205
204,206
204,207
204,208
204,209
204,212
205,203
205,204
205,205
205,206
205,207
205,208
205,209
205,212
206,202
206,203
206,204
206,205
206,206
206,207
206,208
206,209
206,212
207,202
207,203
207,204
207,205
207,206
207,207
207,208
207,209
207,212
208,198
208,199
208,201
208,202
208,203
208,204
208,205
208,206
208,207
208,208
208,209
208,211
208,212
209,198
209,199
209,201
209,202
209,203
209,204
209,205
209,206
209,207
209,208
209,209
209,210
209,211
209,212
209,213
210,198
210,199
210,201
210,202
210,203
210,204
210,205
210,206
210,207
210,208
210,209
210,211
210,212
211,198
211,199
211,201
211,202
211,203
211,204
211,205
211,206
211,207
211,208
211,209
211,211
211,212
212,198
212,199
212,201
212,202
212,203
212,204
212,205
212,206
212,207
212,208
212,209
212,211
212,212
213,198
213,199
213,201
213,202
213,203
213,204
213,205
213,206
213,207
213,208
213,209
213,211
214,197
214,198
214,199
214,201
214,202
214,203
214,204
214,205
214,206
214,207
214,208
214,209
214,211
215,197
215,198
215,199
215,201
215,202
215,203
215,204
215,205
215,206
215,207
215,208
215,209
215,211
216,197
216,198
216,199
216,200
216,201
216,202
216,203
216,204
216,205
216,206
216,207
216,208
216,209
216,211
217,197
217,198
217,199
217,200
217,202
217,203
217,204
217,205
217,206
217,207
217,208
217,209
217,211
218,197
218,198
218,199
218,200
218,202
218,203
218,204
218,205
218,206
218,207
218,208
218,209
218,211
218,212
219,202
219,203
219,204
219,205
219,206
219,207
219,208
219,209
219,211
219,212
219,213
220,202
220,203
220,204
220,205
220,206
220,207
220,208
220,209
220,211
220,212
221,202
221,203
221,204
221,205
221,206
221,207
221,208
221,209
221,211
221,212
222,203
222,204
222,205
222,206
222,207
222,208
222,209
222,211
222,212
223,203
223,204
223,205
223,206
223,207
223,208
223,209
223,211
223,212
224,203
224,204
224,205
224,206
224,207
224,208
224,209
224,212
225,203
225,204
225,205
225,206
225,207
225,208
225,209
225,212
226,203
226,204
226,205
226,206
226,207
226,208
226,209
226,212
227,203
227,204
227,205
227,206
227,207
227,208
227,209
227,212
228,203
228,204
228,205
228,206
228,207
228,208
228,209
228,212
229,203
229,204
229,205
229,206
229,207
229,208
229,209
229,212
230,203
230,204
230,205
230,206
230,207
230,208
230,209
230,212
231,203
231,204
231,205
231,206
231,207
231,208
231,209
231,212
232,203
232,204
232,205
232,206
232,207
232,208
232,209
232,212
233,203
233,204
233,205
233,206
233,207
233,208
233,209
233,211
233,212
234,203
234,204
234,205
234,206
234,207
234,208
234,209
234,211
234,212
235,203
235,204
235,205
235,206
235,207
235,208
235,209
235,210
235,211
236,203
236,204
236,205
236,206
236,207
236,208
236,209
236,210
236,211
237,203
237,204
237,205
237,206
237,207
237,208
237,209
237,210
237,211
238,203
238,204
238,205
238,206
238,207
238,208
238,209
238,210
238,211
239,203
239,204
239,205
239,206
239,207
239,208
239,209
239,210
239,211
240,203
240,204
240,205
240,206
240,207
240,208
240,209
240,210
240,211
241,203
241,204
241,205
241,206
241,207
241,208
241,209
241,210
241,211
242,203
242,204
242,205
242,206
242,207
242,208
242,209
242,210
242,211
243,202
243,203
243,204
243,205
243,206
243,207
243,208
243,209
243,210
243,211
244,42
244,43
244,44
244,45
244,46
244,47
244,48
244,49
244,50
244,51
244,52
244,53
244,54
244,55
244,56
244,203
244,204
244,205
244,206
244,207
244,208
244,209
244,210
244,211
245,42
245,43
245,44
245,45
245,46
245,47
245,48
245,49
245,50
245,51
245,52
245,53
245,54
245,55
245,56
245,57
245,203
245,204
245,205
245,206
245,207
245,208
245,209
245,210
245,211
245,212
246,42
246,43
246,44
246,45
246,46
246,47
246,48
246,49
246,52
246,53
246,54
246,55
246,56
246,57
246,203
246,205
246,206
246,207
246,208
246,209
246,210
246,211
246,212
247,41
247,42
247,43
247,44
247,45
247,48
247,49
247,50
247,51
247,52
247,53
247,54
247,55
247,56
247,57
247,202
247,203
247,205
247,206
247,207
247,208
247,209
247,211
247,212
248,41
248,42
248,43
248,44
248,45
248,46
248,47
248,48
248,49
248,50
248,51
248,52
248,53
248,55
248,56
248,202
248,203
248,205
248,206
248,207
248,208
248,209
248,211
248,212
249,42
249,43
249,45
249,46
249,47
249,48
249,49
249,50
249,51
249,52
249,53
249,55
249,56
249,205
249,206
249,207
249,208
249,209
249,212
