0,108
0,109
0,110
0,111
0,112
0,113
0,114
0,115
1,108
1,109
1,110
1,111
1,112
1,113
1,114
1,115
2,108
2,109
2,110
2,111
2,112
2,113
2,114
3,110
3,111
3,112
3,113
3,114
4,112
4,113
70,32
70,33
70,34
71,31
71,32
71,33
71,34
74,8
74,9
74,10
74,11
74,12
74,13
74,14
75,6
75,7
75,8
75,9
75,10
75,11
75,12
75,13
75,14
75,23
75,24
75,25
75,26
75,27
76,5
76,6
76,7
76,8
76,9
76,10
76,11
76,12
76,13
76,14
76,20
76,21
76,22
76,23
76,24
76,25
76,26
77,3
77,4
77,5
77,6
77,7
77,8
77,9
77,10
77,11
77,12
77,13
77,14
77,15
77,17
77,18
77,19
77,20
77,21
77,22
77,23
77,24
77,25
78,3
78,4
78,5
78,6
78,7
78,8
78,9
78,10
78,11
78,12
78,13
78,14
78,15
78,16
78,17
78,18
78,19
78,20
78,21
78,22
78,23
78,24
79,1
79,2
79,3
79,4
79,5
79,6
79,7
79,8
79,9
79,10
79,11
79,12
79,13
79,14
79,15
79,16
79,17
79,18
79,19
79,20
79,21
79,22
79,23
79,24
80,1
80,2
80,3
80,4
80,5
80,6
80,7
80,8
80,9
80,10
80,11
80,12
80,13
80,14
80,15
80,16
80,17
80,18
80,19
80,20
80,21
80,22
80,23
80,24
81,1
81,2
81,3
81,4
81,5
81,6
81,7
81,8
81,9
81,10
81,11
81,12
81,13
81,14
81,15
81,16
81,17
81,18
81,19
81,20
81,21
81,22
81,23
81,24
81,25
82,0
82,1
82,2
82,3
82,4
82,5
82,6
82,7
82,8
82,9
82,10
82,11
82,12
82,13
82,14
82,15
82,16
82,17
82,18
82,19
82,20
82,21
82,22
82,23
82,24
82,25
83,0
83,1
83,2
83,3
83,4
83,5
83,6
83,7
83,8
83,9
83,10
83,11
83,12
83,13
83,14
83,15
83,16
83,17
83,18
83,19
83,20
83,21
83,22
83,23
83,24
83,25
83,26
84,0
84,1
84,2
84,3
84,4
84,5
84,6
84,7
84,8
84,9
84,10
84,11
84,12
84,13
84,14
84,15
84,16
84,17
84,18
84,19
84,20
84,21
84,22
84,23
84,24
84,25
84,26
85,0
85,1
85,2
85,3
85,4
85,5
85,6
85,7
85,8
85,9
85,10
85,11
85,12
85,13
85,14
85,15
85,16
85,17
85,18
85,19
85,20
85,21
85,22
85,23
85,24
85,25
85,26
86,0
86,1
86,2
86,3
86,4
86,5
86,6
86,7
86,8
86,9
86,10
86,11
86,12
86,13
86,14
86,15
86,16
86,17
86,18
86,19
86,20
86,21
86,22
86,23
86,24
86,25
86,26
87,0
87,1
87,2
87,3
87,4
87,5
87,6
87,7
87,8
87,9
87,10
87,11
87,12
87,13
87,14
87,15
87,16
87,17
87,18
87,19
87,20
87,21
87,22
87,23
87,24
87,25
87,26
88,0
88,1
88,2
88,3
88,4
88,5
88,6
88,7
88,8
88,9
88,10
88,11
88,12
88,13
88,14
88,15
88,16
88,17
88,18
88,19
88,20
88,21
88,22
88,23
88,24
88,25
88,26
89,1
89,4
89,5
89,6
89,7
89,8
89,9
89,10
89,11
89,12
89,13
89,14
89,15
89,16
89,17
89,18
89,19
89,20
89,21
89,22
89,23
89,24
89,25
90,4
90,5
90,6
90,7
90,8
90,9
90,10
90,11
90,12
90,13
90,14
90,15
90,16
90,17
90,18
90,19
90,20
90,21
90,22
90,23
90,24
90,25
91,5
91,6
91,7
91,8
91,9
91,10
91,11
91,12
91,13
91,14
91,15
91,16
91,17
91,18
91,19
91,20
91,21
91,22
91,23
91,24
91,25
92,5
92,6
92,7
92,8
92,9
92,10
92,11
92,12
92,13
92,14
92,15
92,16
92,17
92,18
92,19
92,20
92,21
92,22
92,23
92,24
92,25
93,0
93,1
93,2
93,3
93,4
93,5
93,6
93,7
93,8
93,9
93,10
93,11
93,12
93,13
93,14
93,15
93,16
93,17
93,18
93,19
93,20
93,21
93,22
93,23
93,24
93,25
94,0
94,1
94,2
94,3
94,4
94,5
94,6
94,7
94,8
94,9
94,10
94,11
94,12
94,13
94,14
94,15
94,16
94,17
94,18
94,19
94,20
94,21
94,22
94,23
94,24
94,25
94,79
94,80
94,81
94,82
94,85
94,86
94,87
94,88
94,89
94,90
94,91
94,92
95,0
95,1
95,2
95,3
95,4
95,5
95,6
95,7
95,8
95,9
95,10
95,11
95,12
95,13
95,14
95,15
95,16
95,17
95,18
95,19
95,20
95,21
95,22
95,23
95,24
95,78
95,79
95,80
95,81
95,82
95,83
95,84
95,85
95,86
95,87
95,88
95,89
95,90
95,91
95,92
95,93
95,94
95,95
96,0
96,1
96,2
96,3
96,4
96,5
96,6
96,7
96,8
96,9
96,10
96,11
96,12
96,13
96,14
96,15
96,16
96,17
96,18
96,19
96,20
96,21
96,22
96,23
96,24
96,78
96,79
96,80
96,81
96,82
96,83
96,84
96,85
96,86
96,87
96,88
96,89
96,90
96,91
96,92
96,93
96,94
96,95
96,96
96,97
97,0
97,1
97,2
97,3
97,4
97,5
97,6
97,7
97,8
97,9
97,10
97,11
97,12
97,13
97,14
97,15
97,16
97,17
97,18
97,19
97,20
97,21
97,22
97,23
97,24
97,77
97,78
97,79
97,80
97,81
97,82
97,83
97,84
97,85
97,86
97,87
97,88
97,89
97,90
97,91
97,92
97,93
97,94
97,95
97,96
97,97
97,98
98,0
98,1
98,2
98,3
98,4
98,5
98,6
98,7
98,8
98,9
98,10
98,11
98,12
98,13
98,14
98,15
98,16
98,17
98,18
98,19
98,20
98,21
98,22
98,23
98,24
98,77
98,78
98,79
98,80
98,81
98,82
98,83
98,84
98,85
98,86
98,87
98,88
98,89
98,90
98,91
98,92
98,93
98,94
98,95
98,96
98,97
98,98
98,99
99,0
99,1
99,2
99,3
99,4
99,5
99,6
99,7
99,8
99,9
99,10
99,11
99,12
99,13
99,14
99,15
99,16
99,17
99,18
99,19
99,20
99,21
99,22
99,23
99,24
99,75
99,76
99,77
99,78
99,79
99,80
99,81
99,82
99,83
99,84
99,85
99,86
99,87
99,88
99,89
99,90
99,91
99,92
99,93
99,94
99,95
99,96
99,97
99,98
99,99
99,100
100,0
100,1
100,2
100,3
100,4
100,5
100,6
100,7
100,8
100,9
100,10
100,11
100,12
100,13
100,14
100,15
100,16
100,17
100,18
100,19
100,20
100,21
100,22
100,23
100,24
100,75
100,76
100,77
100,78
100,79
100,80
100,81
100,82
100,83
100,84
100,85
100,86
100,87
100,88
100,89
100,90
100,91
100,92
100,93
100,94
100,95
100,96
100,97
100,98
100,99
100,100
100,101
101,0
101,1
101,2
101,3
101,4
101,5
101,6
101,7
101,8
101,9
101,10
101,11
101,12
101,13
101,14
101,15
101,16
101,17
101,18
101,19
101,20
101,21
101,22
101,23
101,24
101,25
101,74
101,75
101,76
101,77
101,78
101,79
101,80
101,81
101,82
101,83
101,84
101,85
101,86
101,87
101,88
101,89
101,90
101,91
101,92
101,93
101,94
101,95
101,96
101,97
101,98
101,99
101,100
101,101
102,0
102,1
102,2
102,3
102,4
102,5
102,6
102,7
102,8
102,9
102,10
102,11
102,12
102,13
102,14
102,15
102,16
102,17
102,18
102,19
102,20
102,21
102,22
102,23
102,24
102,25
102,73
102,74
102,75
102,76
102,77
102,78
102,79
102,80
102,81
102,82
102,83
102,84
102,85
102,86
102,87
102,88
102,89
102,90
102,91
102,92
102,93
102,94
102,95
102,96
102,97
102,98
102,99
102,100
102,101
102,102
103,0
103,1
103,2
103,3
103,4
103,5
103,6
103,7
103,8
103,9
103,10
103,11
103,12
103,13
103,14
103,15
103,16
103,17
103,18
103,19
103,20
103,21
103,22
103,23
103,24
103,25
103,26
103,71
103,72
103,73
103,74
103,75
103,76
103,77
103,78
103,79
103,80
103,81
103,82
103,83
103,84
103,85
103,86
103,87
103,88
103,89
103,90
103,91
103,92
103,93
103,94
103,95
103,96
103,97
103,98
103,99
103,100
103,101
103,102
103,103
103,104
103,105
103,108
103,109
103,110
104,0
104,1
104,2
104,3
104,4
104,5
104,6
104,7
104,8
104,9
104,10
104,11
104,12
104,13
104,14
104,15
104,16
104,17
104,18
104,19
104,20
104,21
104,22
104,23
104,24
104,25
104,26
104,27
104,70
104,71
104,72
104,73
104,74
104,75
104,76
104,77
104,78
104,79
104,80
104,81
104,82
104,83
104,84
104,85
104,86
104,87
104,88
104,89
104,90
104,91
104,92
104,93
104,94
104,95
104,96
104,97
104,98
104,99
104,100
104,101
104,102
104,103
104,104
104,105
104,106
104,107
104,108
104,109
104,110
105,0
105,1
105,2
105,3
105,4
105,5
105,6
105,7
105,8
105,9
105,10
105,11
105,12
105,13
105,14
105,15
105,16
105,17
105,18
105,19
105,20
105,21
105,22
105,23
105,24
105,25
105,26
105,27
105,69
105,70
105,71
105,72
105,73
105,74
105,75
105,76
105,77
105,78
105,79
105,80
105,81
105,82
105,83
105,84
105,85
105,86
105,87
105,88
105,89
105,90
105,91
105,92
105,93
105,94
105,95
105,96
105,97
105,98
105,99
105,100
105,101
105,102
105,103
105,104
105,105
105,106
105,107
105,108
105,109
105,110
106,0
106,1
106,2
106,3
106,4
106,5
106,6
106,7
106,8
106,9
106,10
106,11
106,12
106,13
106,14
106,15
106,16
106,17
106,18
106,19
106,20
106,21
106,22
106,23
106,24
106,25
106,26
106,27
106,28
106,67
106,68
106,69
106,70
106,71
106,72
106,73
106,74
106,75
106,76
106,77
106,78
106,79
106,80
106,81
106,82
106,83
106,84
106,85
106,86
106,87
106,88
106,89
106,90
106,91
106,92
106,93
106,94
106,95
106,96
106,97
106,98
106,99
106,100
106,101
106,102
106,103
106,104
106,105
106,106
106,107
106,108
106,109
106,110
106,111
107,0
107,1
107,2
107,3
107,4
107,5
107,6
107,7
107,8
107,9
107,10
107,11
107,12
107,13
107,14
107,15
107,16
107,17
107,18
107,19
107,20
107,21
107,22
107,23
107,24
107,25
107,26
107,27
107,28
107,66
107,67
107,68
107,69
107,70
107,71
107,72
107,73
107,74
107,75
107,76
107,77
107,78
107,79
107,80
107,81
107,82
107,83
107,84
107,85
107,86
107,87
107,88
107,89
107,90
107,91
107,92
107,93
107,94
107,95
107,96
107,97
107,98
107,99
107,100
107,101
107,102
107,103
107,104
107,105
107,106
107,107
107,108
107,109
107,110
107,111
107,112
108,0
108,1
108,2
108,3
108,4
108,5
108,6
108,7
108,8
108,9
108,10
108,11
108,12
108,13
108,14
108,15
108,16
108,17
108,18
108,19
108,20
108,21
108,22
108,23
108,24
108,25
108,26
108,27
108,28
108,65
108,66
108,67
108,68
108,69
108,70
108,71
108,72
108,73
108,74
108,75
108,76
108,77
108,78
108,79
108,80
108,81
108,82
108,83
108,84
108,85
108,86
108,87
108,88
108,89
108,90
108,91
108,92
108,93
108,94
108,95
108,96
108,97
108,98
108,99
108,100
108,101
108,102
108,103
108,104
108,105
108,106
108,107
108,108
108,109
108,110
108,111
108,112
109,0
109,1
109,2
109,3
109,4
109,5
109,6
109,7
109,8
109,9
109,10
109,11
109,12
109,13
109,14
109,15
109,16
109,17
109,18
109,19
109,20
109,21
109,22
109,23
109,24
109,25
109,26
109,27
109,28
109,63
109,64
109,65
109,66
109,67
109,68
109,69
109,70
109,71
109,72
109,73
109,74
109,75
109,76
109,77
109,78
109,79
109,80
109,81
109,82
109,83
109,84
109,85
109,86
109,87
109,88
109,89
109,90
109,91
109,92
109,93
109,94
109,95
109,96
109,97
109,98
109,99
109,100
109,101
109,102
109,103
109,104
109,105
109,106
109,107
109,108
109,109
109,110
109,111
109,112
109,113
110,0
110,1
110,2
110,3
110,4
110,5
110,6
110,7
110,8
110,9
110,10
110,11
110,12
110,13
110,14
110,15
110,16
110,17
110,18
110,19
110,20
110,21
110,22
110,23
110,24
110,25
110,26
110,27
110,28
110,63
110,64
110,65
110,66
110,67
110,68
110,69
110,70
110,71
110,72
110,73
110,74
110,75
110,76
110,77
110,78
110,79
110,80
110,81
110,82
110,83
110,84
110,85
110,86
110,87
110,88
110,89
110,90
110,91
110,92
110,93
110,94
110,95
110,96
110,97
110,98
110,99
110,100
110,101
110,102
110,103
110,104
110,105
110,106
110,107
110,108
110,109
110,110
110,111
110,112
111,0
111,1
111,2
111,3
111,4
111,5
111,6
111,7
111,8
111,9
111,10
111,11
111,12
111,13
111,14
111,15
111,16
111,17
111,18
111,19
111,20
111,21
111,22
111,23
111,24
111,25
111,26
111,27
111,28
111,62
111,63
111,64
111,65
111,66
111,67
111,68
111,69
111,70
111,71
111,72
111,73
111,74
111,75
111,76
111,77
111,78
111,79
111,80
111,81
111,82
111,83
111,84
111,85
111,86
111,87
111,88
111,89
111,90
111,91
111,92
111,93
111,94
111,95
111,96
111,97
111,98
111,99
111,100
111,101
111,102
111,103
111,104
111,105
111,106
111,107
111,108
111,109
111,110
111,111
111,112
111,113
112,0
112,1
112,2
112,3
112,4
112,5
112,6
112,7
112,8
112,9
112,10
112,11
112,12
112,13
112,14
112,15
112,16
112,17
112,18
112,19
112,20
112,21
112,22
112,23
112,24
112,25
112,26
112,27
112,28
112,62
112,63
112,64
112,65
112,66
112,67
112,68
112,69
112,70
112,71
112,72
112,73
112,74
112,75
112,76
112,77
112,78
112,79
112,80
112,81
112,82
112,83
112,84
112,85
112,86
112,87
112,88
112,89
112,90
112,91
112,92
112,93
112,94
112,95
112,96
112,97
112,98
112,99
112,100
112,101
112,102
112,103
112,104
112,105
112,106
112,107
112,108
112,109
112,110
112,111
112,112
112,113
113,0
113,1
113,2
113,3
113,4
113,5
113,6
113,7
113,8
113,9
113,10
113,11
113,12
113,13
113,14
113,15
113,16
113,17
113,18
113,19
113,20
113,21
113,22
113,23
113,24
113,25
113,26
113,27
113,28
113,44
113,45
113,63
113,64
113,65
113,66
113,67
113,68
113,69
113,70
113,71
113,72
113,73
113,74
113,75
113,76
113,77
113,78
113,79
113,80
113,81
113,82
113,83
113,84
113,85
113,86
113,87
113,88
113,89
113,90
113,91
113,92
113,93
113,94
113,95
113,96
113,97
113,98
113,99
113,100
113,101
113,102
113,103
113,104
113,105
113,106
113,107
113,108
113,109
113,110
113,111
113,112
113,113
113,114
113,115
114,0
114,1
114,2
114,3
114,4
114,5
114,6
114,7
114,8
114,9
114,10
114,11
114,12
114,13
114,14
114,15
114,16
114,17
114,18
114,19
114,20
114,21
114,22
114,23
114,24
114,25
114,26
114,27
114,28
114,29
114,30
114,43
114,44
114,45
114,46
114,47
114,48
114,63
114,64
114,65
114,66
114,67
114,68
114,69
114,70
114,71
114,72
114,73
114,74
114,75
114,76
114,77
114,78
114,79
114,80
114,81
114,82
114,83
114,84
114,85
114,86
114,87
114,88
114,89
114,90
114,91
114,92
114,93
114,94
114,95
114,96
114,97
114,98
114,99
114,100
114,101
114,102
114,103
114,104
114,105
114,106
114,107
114,108
114,109
114,110
114,111
114,112
114,113
114,114
114,115
114,116
115,0
115,1
115,2
115,3
115,4
115,5
115,6
115,7
115,8
115,9
115,10
115,11
115,12
115,13
115,14
115,15
115,16
115,17
115,18
115,19
115,20
115,21
115,22
115,23
115,24
115,25
115,26
115,27
115,28
115,29
115,30
115,32
115,41
115,42
115,43
115,44
115,45
115,46
115,47
115,48
115,63
115,64
115,65
115,66
115,67
115,68
115,69
115,70
115,71
115,72
115,73
115,74
115,75
115,76
115,77
115,78
115,79
115,80
115,81
115,82
115,83
115,84
115,85
115,86
115,87
115,88
115,89
115,90
115,91
115,92
115,93
115,94
115,95
115,96
115,97
115,98
115,99
115,100
115,101
115,102
115,103
115,104
115,105
115,106
115,107
115,108
115,109
115,110
115,111
115,112
115,113
115,114
115,115
115,116
115,117
115,118
116,0
116,1
116,2
116,3
116,4
116,5
116,6
116,7
116,8
116,9
116,10
116,11
116,12
116,13
116,14
116,15
116,16
116,17
116,18
116,19
116,20
116,21
116,22
116,23
116,24
116,25
116,26
116,27
116,28
116,29
116,30
116,31
116,32
116,39
116,40
116,41
116,42
116,43
116,44
116,45
116,46
116,47
116,63
116,64
116,65
116,66
116,67
116,68
116,69
116,70
116,71
116,72
116,73
116,74
116,75
116,76
116,77
116,78
116,79
116,80
116,81
116,82
116,83
116,84
116,85
116,86
116,87
116,88
116,89
116,90
116,91
116,92
116,93
116,94
116,95
116,96
116,97
116,98
116,99
116,100
116,101
116,102
116,103
116,104
116,105
116,106
116,107
116,108
116,109
116,110
116,111
116,112
116,113
116,114
116,115
116,116
116,117
116,118
116,119
117,0
117,1
117,2
117,3
117,4
117,5
117,6
117,7
117,8
117,9
117,10
117,11
117,12
117,13
117,14
117,15
117,16
117,17
117,18
117,19
117,20
117,21
117,22
117,23
117,24
117,25
117,26
117,27
117,28
117,29
117,30
117,31
117,32
117,39
117,40
117,41
117,42
117,43
117,44
117,45
117,46
117,47
117,63
117,64
117,65
117,66
117,67
117,68
117,69
117,70
117,71
117,72
117,73
117,74
117,75
117,76
117,77
117,78
117,79
117,80
117,87
117,88
117,89
117,90
117,91
117,92
117,93
117,94
117,95
117,96
117,97
117,98
117,99
117,100
117,101
117,102
117,103
117,104
117,105
117,106
117,107
117,108
117,109
117,110
117,111
117,112
117,113
117,114
117,115
117,116
117,117
117,118
117,119
117,120
118,0
118,1
118,2
118,3
118,4
118,5
118,6
118,7
118,8
118,9
118,10
118,11
118,12
118,13
118,14
118,15
118,16
118,17
118,18
118,19
118,20
118,21
118,22
118,23
118,24
118,25
118,26
118,27
118,28
118,29
118,30
118,31
118,32
118,38
118,39
118,40
118,41
118,42
118,43
118,44
118,45
118,63
118,64
118,65
118,66
118,67
118,68
118,69
118,70
118,71
118,72
118,73
118,74
118,75
118,76
118,77
118,78
118,79
118,91
118,92
118,93
118,94
118,95
118,96
118,97
118,98
118,99
118,100
118,101
118,102
118,103
118,104
118,105
118,106
118,107
118,108
118,109
118,110
118,111
118,112
118,113
118,114
118,115
118,116
118,117
118,118
118,119
118,120
118,121
119,0
119,1
119,2
119,3
119,4
119,5
119,6
119,7
119,8
119,9
119,10
119,11
119,12
119,13
119,14
119,15
119,16
119,17
119,18
119,19
119,20
119,21
119,22
119,23
119,24
119,25
119,26
119,27
119,28
119,29
119,30
119,31
119,32
119,36
119,37
119,38
119,39
119,40
119,41
119,42
119,43
119,64
119,65
119,66
119,67
119,68
119,69
119,70
119,71
119,72
119,73
119,74
119,75
119,76
119,77
119,78
119,93
119,94
119,95
119,96
119,97
119,98
119,99
119,100
119,101
119,102
119,103
119,104
119,105
119,106
119,107
119,108
119,109
119,110
119,111
119,112
119,113
119,114
119,115
119,116
119,117
119,118
119,119
119,120
119,121
119,122
119,123
120,0
120,1
120,2
120,3
120,4
120,5
120,6
120,7
120,8
120,9
120,10
120,11
120,12
120,13
120,14
120,15
120,16
120,17
120,18
120,19
120,20
120,21
120,22
120,23
120,24
120,25
120,26
120,27
120,28
120,29
120,30
120,31
120,32
120,33
120,34
120,64
120,65
120,66
120,67
120,68
120,69
120,70
120,71
120,72
120,73
120,74
120,75
120,76
120,77
120,78
120,94
120,95
120,96
120,97
120,98
120,99
120,100
120,101
120,102
120,103
120,104
120,105
120,106
120,107
120,108
120,109
120,110
120,111
120,112
120,113
120,114
120,115
120,116
120,117
120,118
120,119
120,120
120,121
120,122
120,123
120,124
120,125
121,0
121,1
121,2
121,3
121,4
121,5
121,6
121,7
121,8
121,9
121,10
121,11
121,12
121,13
121,14
121,15
121,16
121,17
121,18
121,19
121,20
121,21
121,22
121,23
121,24
121,25
121,26
121,27
121,28
121,29
121,30
121,31
121,32
121,33
121,34
121,64
121,65
121,66
121,67
121,68
121,69
121,70
121,71
121,72
121,73
121,74
121,75
121,76
121,77
121,97
121,98
121,99
121,100
121,101
121,102
121,103
121,104
121,105
121,106
121,107
121,108
121,109
121,110
121,111
121,112
121,113
121,114
121,115
121,116
121,117
121,118
121,119
121,120
121,121
121,122
121,123
121,124
121,125
121,126
121,127
121,128
121,129
122,0
122,1
122,2
122,3
122,4
122,5
122,6
122,7
122,8
122,9
122,10
122,11
122,12
122,13
122,14
122,15
122,16
122,17
122,18
122,19
122,20
122,21
122,22
122,23
122,24
122,25
122,26
122,27
122,28
122,29
122,30
122,31
122,32
122,33
122,34
122,56
122,64
122,65
122,66
122,67
122,68
122,69
122,70
122,71
122,72
122,73
122,74
122,75
122,76
122,99
122,100
122,101
122,102
122,103
122,104
122,105
122,106
122,107
122,108
122,109
122,110
122,111
122,112
122,113
122,114
122,115
122,116
122,117
122,118
122,119
122,120
122,121
122,122
122,123
122,124
122,125
122,126
122,127
122,128
122,129
122,130
122,131
122,132
122,133
122,134
122,135
123,0
123,1
123,2
123,3
123,4
123,5
123,6
123,7
123,8
123,9
123,10
123,11
123,12
123,13
123,14
123,15
123,16
123,17
123,18
123,19
123,20
123,21
123,22
123,23
123,24
123,25
123,26
123,27
123,28
123,29
123,30
123,31
123,32
123,33
123,52
123,54
123,55
123,56
123,57
123,58
123,59
123,64
123,65
123,66
123,67
123,68
123,69
123,70
123,71
123,72
123,73
123,74
123,75
123,76
123,100
123,101
123,102
123,103
123,104
123,105
123,106
123,107
123,108
123,109
123,110
123,111
123,112
123,113
123,114
123,115
123,116
123,117
123,118
123,119
123,120
123,121
123,122
123,123
123,124
123,125
123,126
123,127
123,128
123,129
123,130
123,131
123,132
123,133
123,134
123,135
123,136
124,0
124,1
124,2
124,3
124,4
124,5
124,6
124,7
124,8
124,9
124,10
124,11
124,12
124,13
124,14
124,15
124,16
124,17
124,18
124,19
124,20
124,21
124,22
124,23
124,24
124,25
124,26
124,27
124,28
124,29
124,30
124,31
124,32
124,52
124,53
124,54
124,55
124,56
124,57
124,59
124,64
124,65
124,66
124,67
124,68
124,69
124,70
124,71
124,72
124,73
124,74
124,75
124,76
124,101
124,102
124,103
124,104
124,105
124,106
124,107
124,108
124,109
124,110
124,111
124,112
124,113
124,114
124,115
124,116
124,117
124,118
124,119
124,120
124,121
124,122
124,123
124,124
124,125
124,126
124,127
124,128
124,129
124,130
124,131
124,132
124,133
124,134
124,135
124,136
125,0
125,1
125,2
125,3
125,4
125,5
125,6
125,7
125,8
125,9
125,10
125,11
125,12
125,13
125,14
125,15
125,16
125,17
125,18
125,19
125,20
125,21
125,22
125,23
125,24
125,25
125,26
125,27
125,28
125,29
125,30
125,31
125,32
125,50
125,51
125,52
125,53
125,54
125,55
125,56
125,57
125,59
125,64
125,65
125,66
125,67
125,68
125,69
125,70
125,71
125,72
125,73
125,74
125,75
125,103
125,104
125,105
125,106
125,107
125,108
125,109
125,110
125,111
125,112
125,113
125,114
125,115
125,116
125,117
125,118
125,119
125,120
125,121
125,122
125,123
125,124
125,125
125,126
125,127
125,128
125,129
125,130
125,131
125,132
125,133
125,134
125,135
125,136
125,137
126,0
126,1
126,2
126,3
126,4
126,5
126,6
126,7
126,8
126,9
126,10
126,11
126,12
126,13
126,14
126,15
126,16
126,17
126,18
126,19
126,20
126,21
126,22
126,23
126,24
126,25
126,26
126,27
126,28
126,29
126,30
126,31
126,32
126,50
126,51
126,52
126,53
126,54
126,55
126,56
126,57
126,64
126,65
126,66
126,67
126,68
126,69
126,70
126,71
126,72
126,73
126,74
126,75
126,108
126,109
126,110
126,111
126,112
126,113
126,114
126,115
126,116
126,117
126,118
126,119
126,120
126,121
126,122
126,123
126,124
126,125
126,126
126,127
126,132
126,133
126,134
126,135
126,136
126,137
127,0
127,1
127,2
127,3
127,4
127,5
127,6
127,7
127,8
127,9
127,10
127,11
127,12
127,13
127,14
127,15
127,16
127,17
127,18
127,19
127,20
127,21
127,22
127,23
127,24
127,25
127,26
127,27
127,28
127,29
127,30
127,31
127,32
127,49
127,50
127,51
127,52
127,53
127,54
127,55
127,56
127,57
127,64
127,65
127,66
127,67
127,68
127,69
127,70
127,71
127,72
127,73
127,74
127,75
127,76
127,110
127,111
127,112
127,113
127,114
127,115
127,116
127,117
127,118
127,119
127,120
127,121
127,122
127,123
127,124
127,125
127,126
127,134
127,135
127,136
127,137
127,138
128,0
128,1
128,2
128,3
128,4
128,5
128,6
128,7
128,8
128,9
128,10
128,11
128,12
128,13
128,14
128,15
128,16
128,17
128,18
128,19
128,20
128,21
128,22
128,23
128,24
128,25
128,26
128,27
128,28
128,29
128,30
128,31
128,32
128,33
128,47
128,48
128,49
128,50
128,51
128,52
128,53
128,54
128,55
128,56
128,57
128,64
128,65
128,66
128,67
128,68
128,69
128,70
128,71
128,72
128,73
128,74
128,75
128,76
128,111
128,112
128,113
128,114
128,115
128,116
128,117
128,118
128,119
128,120
128,121
128,122
128,123
128,124
128,125
128,135
128,136
128,137
128,138
128,139
129,0
129,1
129,2
129,3
129,4
129,5
129,6
129,7
129,8
129,9
129,10
129,11
129,12
129,13
129,14
129,15
129,16
129,17
129,18
129,19
129,20
129,21
129,22
129,23
129,24
129,25
129,26
129,27
129,28
129,29
129,30
129,31
129,32
129,33
129,46
129,47
129,48
129,49
129,50
129,51
129,52
129,53
129,54
129,55
129,56
129,65
129,66
129,67
129,68
129,69
129,70
129,71
129,72
129,73
129,74
129,75
129,76
129,113
129,114
129,115
129,116
129,117
129,118
129,119
129,120
129,121
129,122
129,123
129,135
129,136
129,137
129,138
129,139
129,140
130,0
130,1
130,2
130,3
130,4
130,5
130,6
130,7
130,8
130,9
130,10
130,11
130,12
130,13
130,14
130,15
130,16
130,17
130,18
130,19
130,20
130,21
130,22
130,23
130,24
130,25
130,26
130,27
130,28
130,29
130,30
130,31
130,32
130,33
130,34
130,46
130,47
130,49
130,50
130,51
130,52
130,53
130,54
130,55
130,66
130,67
130,68
130,69
130,70
130,71
130,72
130,73
130,74
130,75
130,76
130,77
130,135
130,136
130,137
130,138
130,139
130,140
130,141
131,0
131,1
131,2
131,3
131,4
131,5
131,6
131,7
131,8
131,9
131,10
131,11
131,12
131,13
131,14
131,15
131,16
131,17
131,18
131,19
131,20
131,21
131,22
131,23
131,24
131,25
131,26
131,27
131,28
131,29
131,30
131,31
131,32
131,33
131,34
131,47
131,50
131,51
131,52
131,53
131,54
131,67
131,68
131,69
131,70
131,71
131,72
131,73
131,74
131,75
131,76
131,77
131,133
131,134
131,135
131,136
131,137
131,138
131,139
131,140
131,141
131,142
132,0
132,1
132,2
132,3
132,4
132,5
132,6
132,7
132,8
132,9
132,10
132,11
132,12
132,13
132,14
132,15
132,16
132,17
132,18
132,19
132,20
132,21
132,22
132,23
132,24
132,25
132,26
132,27
132,28
132,29
132,30
132,31
132,32
132,33
132,34
132,35
132,36
132,37
132,38
132,39
132,40
132,49
132,50
132,51
132,52
132,53
132,67
132,68
132,69
132,70
132,71
132,72
132,73
132,74
132,75
132,76
132,77
132,78
132,133
132,134
132,135
132,136
132,137
132,138
132,139
132,140
132,141
132,142
132,143
132,144
133,0
133,1
133,2
133,3
133,4
133,5
133,6
133,7
133,8
133,9
133,10
133,11
133,12
133,13
133,14
133,15
133,16
133,17
133,18
133,19
133,20
133,21
133,22
133,23
133,24
133,25
133,26
133,27
133,28
133,29
133,30
133,31
133,32
133,33
133,34
133,35
133,36
133,37
133,38
133,39
133,40
133,51
133,52
133,53
133,67
133,68
133,69
133,70
133,71
133,72
133,73
133,74
133,75
133,76
133,77
133,78
133,134
133,135
133,136
133,137
133,138
133,139
133,140
133,141
133,142
133,143
133,144
134,0
134,1
134,2
134,3
134,4
134,5
134,6
134,7
134,8
134,9
134,10
134,11
134,12
134,13
134,14
134,15
134,16
134,17
134,18
134,19
134,20
134,21
134,22
134,23
134,24
134,25
134,26
134,27
134,28
134,29
134,30
134,31
134,32
134,33
134,34
134,35
134,36
134,37
134,38
134,39
134,40
134,52
134,53
134,67
134,68
134,69
134,70
134,71
134,72
134,73
134,74
134,75
134,76
134,77
134,78
134,136
134,137
134,138
134,139
134,140
134,141
134,142
134,143
134,144
134,145
134,149
134,151
134,152
135,0
135,1
135,2
135,3
135,4
135,5
135,6
135,7
135,8
135,9
135,10
135,11
135,12
135,13
135,14
135,15
135,16
135,17
135,18
135,19
135,20
135,21
135,22
135,23
135,24
135,25
135,26
135,27
135,28
135,29
135,30
135,31
135,32
135,33
135,34
135,35
135,36
135,37
135,38
135,39
135,40
135,41
135,67
135,68
135,69
135,70
135,71
135,72
135,73
135,74
135,75
135,76
135,77
135,78
135,138
135,139
135,140
135,141
135,142
135,143
135,144
135,145
135,146
135,147
135,148
135,149
135,150
135,151
135,152
136,0
136,1
136,2
136,3
136,4
136,5
136,6
136,7
136,8
136,9
136,10
136,11
136,12
136,13
136,14
136,15
136,16
136,17
136,18
136,19
136,20
136,21
136,22
136,23
136,24
136,25
136,26
136,27
136,28
136,29
136,30
136,31
136,32
136,33
136,34
136,35
136,36
136,37
136,38
136,39
136,40
136,41
136,42
136,43
136,67
136,68
136,69
136,70
136,71
136,72
136,73
136,74
136,75
136,76
136,77
136,144
136,145
136,146
136,147
136,148
136,149
136,150
136,151
136,152
137,0
137,1
137,2
137,3
137,4
137,5
137,6
137,7
137,8
137,9
137,10
137,11
137,12
137,13
137,14
137,15
137,16
137,17
137,18
137,19
137,20
137,21
137,22
137,23
137,24
137,25
137,26
137,27
137,28
137,29
137,30
137,31
137,32
137,33
137,34
137,35
137,36
137,37
137,38
137,39
137,40
137,41
137,42
137,43
137,67
137,68
137,69
137,70
137,71
137,72
137,73
137,74
137,75
137,149
137,150
137,151
137,152
138,0
138,1
138,2
138,3
138,4
138,5
138,6
138,7
138,8
138,9
138,10
138,11
138,12
138,13
138,14
138,15
138,16
138,17
138,18
138,19
138,20
138,21
138,22
138,23
138,24
138,25
138,26
138,27
138,28
138,29
138,30
138,31
138,32
138,33
138,34
138,35
138,36
138,37
138,38
138,39
138,40
138,41
138,42
138,43
138,67
138,68
138,69
138,70
138,71
138,72
138,73
138,74
138,150
138,151
138,152
139,0
139,1
139,2
139,3
139,4
139,5
139,6
139,7
139,8
139,9
139,10
139,11
139,12
139,13
139,14
139,15
139,16
139,17
139,18
139,19
139,20
139,21
139,22
139,23
139,26
139,27
139,28
139,29
139,30
139,31
139,32
139,33
139,34
139,35
139,36
139,37
139,38
139,39
139,40
139,41
139,42
139,67
139,68
139,69
139,70
139,71
139,72
139,73
140,0
140,1
140,2
140,3
140,4
140,5
140,6
140,7
140,8
140,9
140,10
140,11
140,12
140,13
140,14
140,15
140,16
140,17
140,18
140,19
140,20
140,21
140,22
140,23
140,27
140,28
140,29
140,30
140,31
140,32
140,33
140,34
140,35
140,36
140,37
140,38
140,39
140,40
140,41
140,67
140,68
140,69
140,70
140,71
140,72
140,73
141,0
141,1
141,2
141,3
141,4
141,5
141,6
141,7
141,8
141,9
141,10
141,11
141,12
141,13
141,14
141,15
141,16
141,17
141,18
141,19
141,20
141,21
141,22
141,27
141,28
141,29
141,30
141,31
141,32
141,33
141,34
141,35
141,36
141,37
141,38
141,39
141,40
141,66
141,67
141,68
141,69
141,70
141,71
141,72
141,73
142,0
142,1
142,2
142,3
142,4
142,5
142,6
142,7
142,8
142,9
142,10
142,11
142,12
142,13
142,14
142,15
142,16
142,17
142,18
142,19
142,20
142,21
142,26
142,27
142,28
142,29
142,30
142,31
142,32
142,33
142,34
142,35
142,36
142,37
142,38
142,39
142,66
142,67
142,68
142,69
142,70
142,71
142,72
142,73
143,0
143,1
143,2
143,3
143,4
143,5
143,6
143,7
143,8
143,9
143,10
143,11
143,12
143,13
143,14
143,15
143,16
143,17
143,18
143,19
143,20
143,21
143,22
143,25
143,26
143,27
143,28
143,29
143,30
143,31
143,32
143,33
143,34
143,35
143,36
143,37
143,38
143,39
143,66
143,67
143,68
143,69
143,70
143,71
143,72
143,73
144,0
144,1
144,2
144,3
144,4
144,5
144,6
144,7
144,8
144,9
144,10
144,11
144,12
144,13
144,14
144,15
144,16
144,17
144,18
144,19
144,20
144,21
144,22
144,24
144,25
144,26
144,27
144,28
144,29
144,30
144,31
144,32
144,33
144,34
144,35
144,36
144,37
144,38
144,66
144,67
144,68
144,69
144,70
144,71
144,72
145,0
145,1
145,2
145,3
145,4
145,5
145,6
145,7
145,8
145,9
145,10
145,11
145,12
145,13
145,14
145,15
145,16
145,17
145,18
145,19
145,20
145,21
145,22
145,23
145,24
145,25
145,26
145,27
145,28
145,29
145,30
145,31
145,32
145,33
145,34
145,35
145,36
145,37
145,38
145,66
145,67
145,68
145,69
145,70
145,71
145,72
146,0
146,1
146,2
146,3
146,4
146,5
146,6
146,7
146,8
146,9
146,10
146,11
146,12
146,13
146,14
146,15
146,16
146,17
146,18
146,19
146,20
146,21
146,22
146,23
146,24
146,25
146,26
146,27
146,28
146,29
146,30
146,31
146,32
146,33
146,34
146,35
146,36
146,37
146,38
146,39
146,67
146,68
147,0
147,1
147,2
147,3
147,4
147,5
147,6
147,7
147,8
147,9
147,10
147,11
147,12
147,13
147,14
147,15
147,16
147,17
147,18
147,19
147,20
147,21
147,22
147,23
147,24
147,25
147,26
147,27
147,28
147,29
147,30
147,31
147,32
147,33
147,34
147,35
147,36
147,37
147,38
147,39
148,0
148,1
148,2
148,3
148,4
148,5
148,6
148,7
148,13
148,14
148,15
148,16
148,17
148,18
148,19
148,20
148,21
148,22
148,23
148,24
148,25
148,26
148,27
148,28
148,29
148,30
148,31
148,32
148,33
148,34
148,35
148,36
148,37
148,38
148,39
148,40
149,0
149,1
149,2
149,3
149,4
149,5
149,17
149,18
149,19
149,20
149,21
149,22
149,23
149,24
149,25
149,26
149,27
149,28
149,29
149,30
149,31
149,32
149,33
149,34
149,35
149,36
149,37
149,38
149,39
149,40
149,60
149,61
149,62
150,20
150,21
150,22
150,23
150,24
150,25
150,26
150,27
150,28
150,29
150,30
150,31
150,32
150,33
150,34
150,35
150,36
150,37
150,38
150,39
150,40
150,41
150,42
150,43
150,60
150,61
150,62
150,63
151,21
151,22
151,23
151,24
151,25
151,26
151,27
151,28
151,29
151,30
151,31
151,32
151,33
151,34
151,35
151,36
151,37
151,38
151,39
151,40
151,41
151,42
151,43
151,44
151,59
151,60
151,61
151,62
151,63
151,64
152,22
152,23
152,24
152,25
152,26
152,27
152,28
152,29
152,30
152,31
152,32
152,33
152,34
152,35
152,36
152,37
152,38
152,39
152,40
152,41
152,42
152,43
152,44
152,51
152,52
152,54
152,55
152,56
152,57
152,58
152,59
152,60
152,61
152,62
152,63
152,64
152,65
153,23
153,24
153,25
153,26
153,27
153,28
153,29
153,30
153,31
153,32
153,33
153,34
153,35
153,36
153,37
153,38
153,39
153,40
153,41
153,42
153,43
153,44
153,50
153,51
153,52
153,53
153,54
153,55
153,56
153,57
153,58
153,59
153,60
153,61
153,62
153,63
153,64
153,65
153,66
154,24
154,25
154,26
154,27
154,28
154,29
154,30
154,31
154,32
154,33
154,34
154,35
154,36
154,37
154,38
154,39
154,40
154,41
154,42
154,50
154,51
154,52
154,53
154,54
154,55
154,56
154,57
154,58
154,59
154,60
154,61
154,62
154,63
154,64
154,65
154,66
154,67
155,26
155,27
155,28
155,29
155,30
155,31
155,32
155,33
155,34
155,35
155,36
155,37
155,38
155,39
155,40
155,41
155,50
155,51
155,52
155,53
155,54
155,55
155,56
155,57
155,58
155,59
155,60
155,61
155,62
155,63
155,64
155,65
155,66
155,67
155,68
155,69
156,30
156,31
156,32
156,33
156,34
156,35
156,36
156,37
156,38
156,39
156,40
156,52
156,53
156,54
156,55
156,56
156,57
156,58
156,59
156,60
156,61
156,62
156,63
156,64
156,65
156,66
156,67
156,68
156,69
156,70
157,31
157,32
157,33
157,34
157,35
157,36
157,37
157,38
157,39
157,55
157,56
157,57
157,58
157,59
157,60
157,61
157,62
157,63
157,64
157,65
157,66
157,67
157,68
157,69
157,70
157,71
158,31
158,32
158,33
158,34
158,35
158,36
158,37
158,56
158,57
158,58
158,59
158,60
158,61
158,62
158,63
158,64
158,65
158,66
158,67
158,68
158,69
158,70
159,32
159,33
159,34
159,35
159,36
159,37
159,56
159,57
159,58
159,59
159,60
159,65
159,66
159,67
159,68
159,69
160,56
160,57
160,58
160,59
160,60
161,57
161,58
161,59
161,60
162,57
162,58
162,59
163,77
163,78
163,79
163,80
164,76
164,77
164,78
164,79
164,80
165,76
165,77
165,78
165,79
165,80
166,76
166,77
166,78
166,79
166,80
167,0
167,1
167,2
167,3
167,4
167,5
167,6
167,7
167,8
167,76
167,77
167,78
167,79
167,80
167,239
168,0
168,1
168,2
168,3
168,4
168,5
168,6
168,7
168,8
168,9
168,75
168,76
168,77
168,78
168,79
168,80
168,238
168,239
168,240
169,0
169,1
169,2
169,3
169,4
169,5
169,6
169,7
169,8
169,9
169,10
169,11
169,59
169,60
169,74
169,75
169,76
169,77
169,78
169,79
169,80
169,81
169,238
169,239
169,240
170,0
170,1
170,2
170,3
170,4
170,5
170,6
170,7
170,8
170,9
170,10
170,11
170,12
170,59
170,60
170,71
170,72
170,73
170,74
170,75
170,76
170,77
170,78
170,79
170,80
170,81
170,82
170,83
170,238
170,239
170,240
171,0
171,1
171,2
171,3
171,4
171,5
171,6
171,7
171,8
171,9
171,10
171,11
171,12
171,13
171,58
171,59
171,60
171,67
171,68
171,69
171,70
171,71
171,72
171,73
171,74
171,75
171,76
171,77
171,78
171,79
171,80
171,81
171,82
171,83
171,84
171,85
171,86
171,100
171,101
171,102
171,103
171,104
171,105
171,238
171,239
171,240
172,0
172,1
172,2
172,3
172,4
172,5
172,6
172,7
172,8
172,9
172,10
172,11
172,12
172,13
172,58
172,59
172,60
172,61
172,62
172,65
172,66
172,67
172,68
172,69
172,70
172,71
172,72
172,73
172,74
172,75
172,76
172,77
172,78
172,79
172,80
172,81
172,82
172,83
172,84
172,85
172,86
172,87
172,88
172,89
172,99
172,100
172,101
172,102
172,103
172,104
172,105
172,106
172,237
172,238
172,239
173,0
173,1
173,2
173,3
173,4
173,5
173,6
173,7
173,8
173,9
173,10
173,11
173,12
173,13
173,14
173,56
173,57
173,58
173,59
173,60
173,61
173,62
173,63
173,64
173,65
173,66
173,67
173,68
173,69
173,70
173,71
173,72
173,73
173,74
173,75
173,76
173,77
173,78
173,79
173,80
173,81
173,82
173,83
173,84
173,85
173,86
173,87
173,88
173,89
173,90
173,96
173,97
173,98
173,99
173,100
173,101
173,102
173,103
173,104
173,105
173,106
173,107
173,236
173,237
173,238
173,239
174,0
174,1
174,2
174,3
174,4
174,5
174,6
174,7
174,8
174,9
174,10
174,11
174,12
174,13
174,14
174,15
174,57
174,58
174,59
174,60
174,61
174,62
174,63
174,64
174,65
174,66
174,67
174,68
174,69
174,70
174,71
174,72
174,73
174,74
174,75
174,76
174,77
174,78
174,79
174,80
174,81
174,82
174,83
174,84
174,85
174,86
174,87
174,88
174,89
174,90
174,95
174,96
174,97
174,98
174,99
174,100
174,101
174,102
174,103
174,104
174,105
174,106
174,107
174,236
174,237
174,238
174,239
175,0
175,1
175,2
175,3
175,4
175,5
175,6
175,7
175,8
175,9
175,10
175,11
175,12
175,13
175,14
175,15
175,58
175,59
175,60
175,61
175,62
175,63
175,64
175,65
175,66
175,67
175,68
175,69
175,70
175,71
175,72
175,73
175,74
175,75
175,76
175,77
175,78
175,79
175,80
175,81
175,82
175,83
175,84
175,85
175,86
175,87
175,88
175,89
175,90
175,94
175,95
175,96
175,97
175,98
175,99
175,100
175,101
175,102
175,103
175,104
175,105
175,106
175,107
175,235
175,236
175,237
175,238
175,239
176,0
176,1
176,2
176,3
176,4
176,5
176,6
176,7
176,8
176,9
176,10
176,11
176,12
176,13
176,14
176,15
176,59
176,60
176,61
176,62
176,63
176,64
176,65
176,66
176,67
176,68
176,69
176,70
176,71
176,72
176,73
176,74
176,75
176,76
176,77
176,78
176,79
176,80
176,81
176,82
176,83
176,84
176,85
176,86
176,87
176,88
176,89
176,90
176,93
176,94
176,95
176,96
176,97
176,98
176,99
176,100
176,101
176,102
176,103
176,104
176,105
176,106
176,107
176,234
176,235
176,236
176,237
176,238
177,0
177,1
177,2
177,3
177,4
177,5
177,6
177,7
177,8
177,9
177,10
177,11
177,12
177,13
177,14
177,15
177,16
177,60
177,61
177,62
177,63
177,64
177,65
177,66
177,67
177,68
177,69
177,70
177,71
177,72
177,73
177,74
177,75
177,76
177,77
177,78
177,79
177,80
177,81
177,82
177,83
177,84
177,85
177,86
177,87
177,88
177,89
177,93
177,94
177,95
177,96
177,97
177,98
177,99
177,100
177,101
177,102
177,103
177,104
177,105
177,106
177,107
177,108
177,195
177,196
177,234
177,235
177,236
177,237
177,238
178,0
178,1
178,2
178,3
178,4
178,5
178,6
178,7
178,8
178,9
178,10
178,11
178,12
178,13
178,14
178,15
178,16
178,17
178,60
178,61
178,62
178,63
178,64
178,65
178,66
178,67
178,68
178,69
178,70
178,71
178,72
178,73
178,74
178,75
178,76
178,77
178,78
178,79
178,80
178,81
178,82
178,83
178,84
178,85
178,86
178,87
178,88
178,89
178,93
178,94
178,95
178,96
178,97
178,98
178,99
178,100
178,101
178,102
178,103
178,104
178,105
178,106
178,107
178,108
178,191
178,192
178,193
178,194
178,195
178,196
178,197
178,233
178,234
178,235
178,236
178,237
179,0
179,1
179,2
179,3
179,4
179,5
179,6
179,7
179,8
179,9
179,10
179,11
179,12
179,13
179,14
179,15
179,16
179,17
179,18
179,61
179,62
179,63
179,64
179,65
179,66
179,67
179,68
179,69
179,70
179,71
179,72
179,73
179,74
179,75
179,76
179,77
179,78
179,79
179,80
179,81
179,82
179,83
179,84
179,85
179,86
179,87
179,88
179,89
179,93
179,94
179,95
179,96
179,97
179,98
179,99
179,100
179,101
179,102
179,103
179,104
179,105
179,106
179,107
179,108
179,109
179,110
179,191
179,192
179,193
179,194
179,195
179,196
179,197
179,231
179,232
179,233
179,234
179,235
179,236
180,0
180,1
180,2
180,3
180,4
180,5
180,6
180,7
180,8
180,9
180,10
180,11
180,12
180,13
180,14
180,15
180,16
180,17
180,18
180,61
180,62
180,63
180,64
180,65
180,66
180,67
180,68
180,69
180,70
180,71
180,72
180,73
180,74
180,75
180,76
180,77
180,78
180,79
180,80
180,81
180,82
180,83
180,84
180,85
180,86
180,87
180,88
180,89
180,92
180,93
180,94
180,95
180,96
180,97
180,98
180,99
180,100
180,101
180,102
180,103
180,104
180,105
180,106
180,107
180,108
180,109
180,110
180,190
180,191
180,192
180,193
180,194
180,195
180,196
180,225
180,230
180,231
180,232
180,233
180,234
180,235
181,0
181,1
181,2
181,3
181,4
181,5
181,6
181,7
181,8
181,9
181,10
181,11
181,12
181,13
181,14
181,15
181,16
181,17
181,18
181,62
181,63
181,64
181,65
181,66
181,67
181,68
181,69
181,70
181,71
181,72
181,73
181,74
181,75
181,76
181,77
181,78
181,79
181,80
181,81
181,82
181,83
181,84
181,85
181,86
181,87
181,88
181,89
181,92
181,93
181,94
181,95
181,96
181,97
181,98
181,99
181,100
181,101
181,102
181,103
181,104
181,105
181,106
181,107
181,108
181,109
181,110
181,111
181,190
181,191
181,192
181,193
181,194
181,195
181,224
181,225
181,230
181,231
181,232
181,233
181,234
181,235
182,0
182,1
182,2
182,3
182,4
182,5
182,6
182,7
182,8
182,9
182,10
182,11
182,12
182,13
182,14
182,15
182,16
182,17
182,18
182,62
182,63
182,64
182,65
182,66
182,67
182,68
182,69
182,70
182,71
182,72
182,73
182,74
182,75
182,76
182,77
182,78
182,79
182,80
182,81
182,82
182,83
182,84
182,85
182,86
182,87
182,88
182,89
182,91
182,92
182,93
182,94
182,95
182,96
182,97
182,98
182,99
182,100
182,101
182,102
182,103
182,104
182,105
182,106
182,107
182,108
182,109
182,110
182,111
182,112
182,192
182,193
182,230
182,231
182,232
182,233
182,234
182,235
183,0
183,1
183,2
183,3
183,4
183,5
183,6
183,7
183,8
183,9
183,10
183,11
183,12
183,13
183,14
183,15
183,16
183,62
183,63
183,64
183,65
183,66
183,67
183,68
183,69
183,70
183,71
183,72
183,73
183,74
183,75
183,76
183,77
183,78
183,79
183,80
183,81
183,82
183,83
183,84
183,85
183,86
183,87
183,88
183,89
183,90
183,91
183,92
183,93
183,94
183,95
183,96
183,97
183,98
183,99
183,100
183,101
183,102
183,103
183,104
183,105
183,106
183,107
183,108
183,109
183,110
183,111
183,112
183,113
183,114
183,230
183,231
183,232
183,233
183,234
184,0
184,1
184,2
184,3
184,4
184,5
184,6
184,7
184,8
184,9
184,10
184,11
184,12
184,13
184,14
184,15
184,65
184,66
184,67
184,68
184,69
184,70
184,71
184,72
184,73
184,74
184,75
184,76
184,77
184,78
184,79
184,80
184,81
184,82
184,83
184,84
184,85
184,86
184,87
184,88
184,89
184,90
184,91
184,92
184,93
184,94
184,95
184,96
184,97
184,98
184,99
184,100
184,101
184,102
184,103
184,104
184,105
184,106
184,107
184,108
184,109
184,110
184,111
184,112
184,113
184,114
184,115
184,230
184,231
184,232
184,233
185,0
185,1
185,2
185,3
185,4
185,5
185,6
185,7
185,8
185,9
185,10
185,11
185,12
185,13
185,14
185,66
185,67
185,68
185,69
185,70
185,71
185,72
185,73
185,74
185,75
185,76
185,77
185,78
185,79
185,80
185,81
185,82
185,83
185,84
185,85
185,86
185,87
185,88
185,89
185,90
185,91
185,92
185,93
185,94
185,95
185,96
185,97
185,98
185,99
185,100
185,101
185,102
185,103
185,104
185,105
185,106
185,107
185,108
185,109
185,110
185,111
185,112
185,113
185,114
185,115
185,116
185,229
185,230
185,231
185,232
185,233
186,0
186,1
186,2
186,3
186,4
186,5
186,6
186,7
186,8
186,9
186,10
186,11
186,12
186,13
186,14
186,66
186,67
186,68
186,69
186,70
186,71
186,72
186,73
186,74
186,75
186,76
186,77
186,78
186,79
186,80
186,81
186,82
186,83
186,84
186,85
186,86
186,87
186,88
186,89
186,90
186,91
186,92
186,93
186,94
186,95
186,96
186,97
186,98
186,99
186,100
186,101
186,102
186,103
186,104
186,105
186,106
186,107
186,108
186,109
186,110
186,111
186,112
186,113
186,114
186,115
186,116
186,117
186,228
186,229
186,230
186,231
186,232
187,0
187,1
187,2
187,3
187,4
187,5
187,6
187,7
187,8
187,9
187,10
187,11
187,12
187,13
187,14
187,66
187,67
187,68
187,69
187,70
187,71
187,72
187,73
187,74
187,75
187,76
187,77
187,78
187,79
187,80
187,81
187,82
187,83
187,84
187,85
187,86
187,87
187,88
187,89
187,90
187,91
187,92
187,93
187,94
187,95
187,96
187,97
187,98
187,99
187,100
187,101
187,102
187,103
187,104
187,105
187,106
187,107
187,108
187,109
187,110
187,111
187,112
187,113
187,114
187,115
187,116
187,117
187,118
187,228
187,229
187,230
187,231
188,0
188,1
188,2
188,3
188,4
188,5
188,6
188,7
188,8
188,9
188,10
188,11
188,12
188,13
188,14
188,66
188,67
188,68
188,69
188,70
188,71
188,72
188,73
188,74
188,75
188,76
188,77
188,78
188,79
188,80
188,81
188,82
188,83
188,84
188,85
188,86
188,87
188,88
188,89
188,90
188,91
188,92
188,93
188,94
188,95
188,96
188,97
188,98
188,99
188,100
188,101
188,102
188,103
188,104
188,105
188,106
188,107
188,108
188,109
188,110
188,111
188,112
188,113
188,114
188,115
188,116
188,117
188,118
188,119
188,120
188,228
188,229
188,230
188,231
189,0
189,1
189,2
189,3
189,4
189,5
189,6
189,7
189,8
189,9
189,10
189,11
189,12
189,13
189,14
189,66
189,67
189,68
189,69
189,70
189,71
189,72
189,73
189,74
189,75
189,76
189,77
189,78
189,79
189,80
189,81
189,82
189,83
189,84
189,85
189,86
189,87
189,88
189,89
189,90
189,91
189,92
189,93
189,94
189,95
189,96
189,97
189,98
189,99
189,100
189,101
189,102
189,103
189,104
189,105
189,106
189,107
189,108
189,109
189,110
189,111
189,112
189,113
189,114
189,115
189,116
189,117
189,118
189,119
189,120
189,121
189,227
189,228
189,229
189,230
190,0
190,1
190,2
190,3
190,4
190,5
190,6
190,7
190,8
190,9
190,10
190,11
190,12
190,13
190,14
190,66
190,67
190,68
190,69
190,70
190,71
190,72
190,73
190,74
190,75
190,76
190,77
190,78
190,79
190,80
190,81
190,82
190,83
190,84
190,85
190,86
190,87
190,88
190,89
190,90
190,91
190,92
190,93
190,94
190,95
190,96
190,97
190,98
190,99
190,100
190,101
190,102
190,103
190,104
190,105
190,106
190,107
190,108
190,109
190,110
190,111
190,112
190,113
190,114
190,115
190,116
190,117
190,118
190,119
190,120
190,121
190,122
190,226
190,227
190,228
190,229
191,0
191,1
191,2
191,3
191,4
191,5
191,6
191,7
191,8
191,9
191,10
191,11
191,12
191,13
191,14
191,15
191,66
191,67
191,68
191,69
191,70
191,71
191,72
191,73
191,74
191,75
191,76
191,77
191,78
191,79
191,80
191,81
191,82
191,83
191,84
191,85
191,86
191,87
191,88
191,89
191,90
191,91
191,92
191,93
191,94
191,95
191,96
191,97
191,98
191,99
191,100
191,101
191,102
191,103
191,104
191,105
191,106
191,107
191,108
191,109
191,110
191,111
191,112
191,113
191,114
191,115
191,116
191,117
191,118
191,119
191,120
191,121
191,122
191,123
191,226
191,227
191,228
192,0
192,1
192,2
192,3
192,4
192,5
192,6
192,7
192,8
192,9
192,10
192,11
192,12
192,13
192,14
192,15
192,16
192,17
192,66
192,67
192,68
192,69
192,70
192,71
192,72
192,73
192,74
192,75
192,76
192,77
192,78
192,79
192,80
192,81
192,82
192,83
192,84
192,85
192,86
192,87
192,88
192,89
192,90
192,91
192,92
192,93
192,94
192,95
192,96
192,97
192,98
192,99
192,100
192,101
192,102
192,103
192,104
192,105
192,106
192,107
192,108
192,109
192,110
192,111
192,112
192,113
192,114
192,115
192,116
192,117
192,118
192,119
192,120
192,121
192,122
192,123
192,124
192,226
192,227
193,0
193,1
193,2
193,3
193,4
193,5
193,6
193,7
193,8
193,9
193,10
193,11
193,12
193,13
193,14
193,15
193,16
193,17
193,18
193,66
193,67
193,68
193,69
193,70
193,71
193,72
193,73
193,74
193,75
193,76
193,77
193,78
193,79
193,80
193,81
193,82
193,83
193,84
193,85
193,86
193,87
193,88
193,89
193,90
193,91
193,92
193,93
193,94
193,95
193,96
193,97
193,98
193,99
193,100
193,101
193,102
193,103
193,104
193,105
193,106
193,107
193,108
193,109
193,110
193,111
193,112
193,113
193,114
193,115
193,116
193,117
193,118
193,119
193,120
193,121
193,122
193,123
193,124
193,226
194,0
194,1
194,2
194,3
194,4
194,5
194,6
194,7
194,8
194,9
194,10
194,11
194,12
194,13
194,14
194,15
194,16
194,17
194,18
194,19
194,65
194,66
194,67
194,68
194,69
194,70
194,71
194,72
194,73
194,74
194,75
194,76
194,77
194,78
194,79
194,80
194,81
194,82
194,83
194,84
194,85
194,86
194,87
194,88
194,89
194,90
194,91
194,92
194,93
194,94
194,95
194,96
194,97
194,98
194,99
194,100
194,101
194,102
194,103
194,104
194,105
194,106
194,107
194,108
194,109
194,110
194,111
194,112
194,113
194,114
194,115
194,116
194,117
194,118
194,119
194,120
194,121
194,122
194,123
194,208
194,209
194,210
195,0
195,1
195,2
195,3
195,4
195,5
195,6
195,7
195,8
195,9
195,10
195,11
195,12
195,13
195,14
195,15
195,16
195,17
195,18
195,19
195,65
195,66
195,67
195,68
195,69
195,70
195,71
195,72
195,73
195,74
195,75
195,76
195,77
195,78
195,79
195,80
195,81
195,82
195,83
195,84
195,85
195,86
195,87
195,88
195,89
195,90
195,91
195,92
195,93
195,94
195,95
195,96
195,97
195,98
195,99
195,100
195,101
195,102
195,103
195,104
195,105
195,106
195,107
195,108
195,109
195,110
195,111
195,112
195,113
195,114
195,115
195,116
195,117
195,118
195,119
195,120
195,121
195,122
195,123
195,207
195,208
195,209
195,210
196,0
196,1
196,2
196,3
196,4
196,5
196,6
196,7
196,8
196,9
196,10
196,11
196,12
196,13
196,14
196,15
196,16
196,17
196,18
196,19
196,65
196,66
196,67
196,68
196,69
196,70
196,71
196,72
196,73
196,74
196,75
196,76
196,77
196,78
196,79
196,80
196,81
196,82
196,83
196,84
196,85
196,86
196,87
196,88
196,89
196,90
196,91
196,92
196,93
196,94
196,95
196,96
196,97
196,98
196,99
196,100
196,101
196,102
196,103
196,104
196,105
196,106
196,107
196,108
196,109
196,110
196,111
196,112
196,113
196,114
196,115
196,116
196,117
196,118
196,119
196,120
196,121
196,122
196,207
196,208
196,209
196,210
197,0
197,1
197,2
197,3
197,4
197,5
197,6
197,7
197,8
197,9
197,10
197,11
197,12
197,13
197,14
197,15
197,16
197,17
197,18
197,19
197,20
197,65
197,66
197,67
197,68
197,69
197,70
197,71
197,72
197,73
197,74
197,75
197,76
197,77
197,78
197,79
197,80
197,81
197,82
197,83
197,84
197,85
197,86
197,87
197,88
197,89
197,90
197,91
197,92
197,93
197,94
197,95
197,96
197,97
197,98
197,99
197,100
197,101
197,102
197,103
197,104
197,105
197,106
197,107
197,108
197,109
197,110
197,111
197,112
197,113
197,114
197,115
197,116
197,117
197,118
197,119
197,120
197,121
197,122
197,207
197,208
197,209
197,210
198,0
198,1
198,2
198,3
198,4
198,5
198,6
198,7
198,8
198,9
198,10
198,11
198,12
198,13
198,14
198,15
198,16
198,17
198,18
198,19
198,20
198,21
198,64
198,65
198,66
198,67
198,68
198,69
198,70
198,71
198,72
198,73
198,74
198,75
198,76
198,77
198,78
198,79
198,80
198,81
198,82
198,83
198,84
198,85
198,86
198,87
198,88
198,89
198,90
198,91
198,92
198,93
198,94
198,95
198,96
198,97
198,98
198,99
198,100
198,101
198,102
198,103
198,104
198,105
198,106
198,107
198,108
198,109
198,110
198,111
198,112
198,113
198,114
198,115
198,116
198,117
198,118
198,119
198,120
198,121
198,122
198,206
198,207
198,208
198,209
198,210
199,0
199,1
199,2
199,3
199,4
199,5
199,6
199,7
199,8
199,9
199,10
199,11
199,12
199,13
199,14
199,15
199,16
199,17
199,18
199,19
199,20
199,21
199,64
199,65
199,66
199,67
199,68
199,69
199,70
199,71
199,72
199,73
199,74
199,75
199,76
199,77
199,78
199,79
199,80
199,81
199,82
199,83
199,84
199,85
199,86
199,87
199,88
199,89
199,90
199,91
199,92
199,93
199,94
199,95
199,96
199,97
199,98
199,99
199,100
199,101
199,102
199,103
199,104
199,105
199,106
199,107
199,108
199,109
199,110
199,111
199,112
199,113
199,114
199,115
199,116
199,117
199,118
199,119
199,120
199,121
199,122
199,207
199,208
199,209
200,0
200,1
200,2
200,3
200,4
200,5
200,6
200,7
200,8
200,9
200,10
200,11
200,12
200,13
200,14
200,15
200,16
200,17
200,18
200,19
200,20
200,21
200,22
200,64
200,65
200,66
200,67
200,68
200,69
200,70
200,71
200,72
200,73
200,74
200,75
200,76
200,77
200,78
200,79
200,80
200,81
200,82
200,83
200,84
200,85
200,86
200,87
200,88
200,89
200,90
200,91
200,92
200,93
200,94
200,95
200,96
200,97
200,98
200,99
200,100
200,101
200,102
200,103
200,104
200,105
200,106
200,107
200,108
200,109
200,110
200,111
200,112
200,113
200,114
200,115
200,116
200,117
200,118
200,119
200,120
200,121
200,122
200,208
201,0
201,1
201,2
201,3
201,4
201,5
201,6
201,7
201,8
201,9
201,10
201,11
201,12
201,13
201,14
201,15
201,16
201,17
201,18
201,19
201,20
201,21
201,22
201,23
201,63
201,64
201,65
201,66
201,67
201,68
201,69
201,70
201,71
201,72
201,73
201,74
201,75
201,76
201,77
201,78
201,79
201,80
201,81
201,82
201,83
201,84
201,85
201,86
201,87
201,88
201,89
201,90
201,91
201,92
201,93
201,94
201,95
201,96
201,97
201,98
201,99
201,100
201,101
201,102
201,103
201,104
201,105
201,106
201,107
201,108
201,109
201,110
201,111
201,112
201,113
201,114
201,115
201,116
201,117
201,118
201,119
201,120
201,121
201,122
201,224
201,225
202,0
202,1
202,2
202,3
202,4
202,5
202,6
202,7
202,8
202,9
202,10
202,11
202,12
202,13
202,14
202,15
202,16
202,17
202,18
202,19
202,20
202,21
202,22
202,23
202,24
202,63
202,64
202,65
202,66
202,67
202,68
202,69
202,70
202,71
202,72
202,73
202,74
202,75
202,76
202,77
202,78
202,79
202,80
202,81
202,82
202,83
202,84
202,85
202,86
202,87
202,88
202,89
202,90
202,91
202,92
202,93
202,94
202,95
202,96
202,97
202,98
202,99
202,100
202,101
202,102
202,103
202,104
202,105
202,106
202,107
202,108
202,109
202,110
202,111
202,112
202,113
202,114
202,115
202,116
202,117
202,118
202,119
202,120
202,121
202,122
202,223
202,224
203,0
203,1
203,2
203,3
203,4
203,5
203,6
203,7
203,8
203,9
203,10
203,11
203,12
203,13
203,14
203,15
203,16
203,17
203,18
203,19
203,20
203,21
203,22
203,23
203,24
203,62
203,63
203,64
203,65
203,66
203,67
203,68
203,69
203,70
203,71
203,72
203,73
203,74
203,75
203,76
203,77
203,78
203,79
203,80
203,81
203,82
203,83
203,84
203,85
203,86
203,87
203,88
203,89
203,90
203,91
203,92
203,93
203,94
203,95
203,96
203,97
203,98
203,99
203,100
203,101
203,102
203,103
203,104
203,105
203,106
203,107
203,108
203,109
203,110
203,111
203,112
203,113
203,114
203,115
203,116
203,117
203,118
203,119
203,120
203,121
203,122
203,221
203,222
203,223
204,0
204,1
204,2
204,3
204,4
204,5
204,6
204,7
204,8
204,9
204,10
204,11
204,12
204,13
204,14
204,15
204,16
204,17
204,18
204,19
204,20
204,21
204,22
204,23
204,24
204,25
204,26
204,62
204,63
204,64
204,65
204,66
204,67
204,68
204,69
204,70
204,71
204,72
204,73
204,74
204,75
204,76
204,77
204,78
204,79
204,80
204,81
204,82
204,83
204,84
204,85
204,86
204,87
204,88
204,89
204,90
204,91
204,92
204,93
204,94
204,95
204,96
204,97
204,98
204,99
204,100
204,101
204,102
204,103
204,104
204,105
204,106
204,107
204,108
204,109
204,110
204,111
204,112
204,113
204,114
204,115
204,116
204,117
204,118
204,119
204,120
204,121
204,219
204,220
204,221
204,222
204,223
205,0
205,1
205,2
205,3
205,4
205,5
205,6
205,7
205,8
205,9
205,10
205,11
205,12
205,13
205,14
205,15
205,16
205,17
205,18
205,19
205,20
205,21
205,22
205,23
205,24
205,25
205,26
205,27
205,61
205,62
205,63
205,64
205,65
205,66
205,67
205,68
205,69
205,70
205,71
205,72
205,73
205,74
205,75
205,76
205,77
205,78
205,79
205,80
205,81
205,82
205,83
205,84
205,85
205,86
205,87
205,88
205,89
205,90
205,91
205,92
205,93
205,94
205,95
205,96
205,97
205,98
205,99
205,100
205,101
205,102
205,103
205,104
205,105
205,106
205,107
205,108
205,109
205,110
205,111
205,112
205,113
205,114
205,115
205,116
205,117
205,118
205,119
205,120
205,121
205,218
205,219
205,220
205,221
205,222
205,223
206,0
206,1
206,2
206,3
206,4
206,5
206,6
206,7
206,8
206,9
206,10
206,11
206,12
206,13
206,14
206,15
206,16
206,17
206,18
206,19
206,20
206,21
206,22
206,23
206,24
206,25
206,26
206,27
206,28
206,29
206,61
206,62
206,63
206,64
206,65
206,66
206,67
206,68
206,69
206,70
206,71
206,72
206,73
206,74
206,75
206,76
206,77
206,78
206,79
206,80
206,81
206,82
206,83
206,84
206,85
206,86
206,87
206,88
206,89
206,90
206,91
206,92
206,93
206,94
206,95
206,96
206,97
206,98
206,99
206,100
206,101
206,102
206,103
206,104
206,105
206,106
206,107
206,108
206,109
206,110
206,111
206,112
206,113
206,114
206,115
206,116
206,117
206,118
206,119
206,120
206,121
206,218
206,219
206,220
206,221
206,222
207,0
207,1
207,2
207,3
207,4
207,5
207,6
207,7
207,8
207,9
207,10
207,11
207,12
207,13
207,14
207,15
207,16
207,17
207,18
207,19
207,20
207,21
207,22
207,23
207,24
207,25
207,26
207,27
207,28
207,29
207,30
207,61
207,62
207,63
207,64
207,65
207,66
207,67
207,68
207,69
207,70
207,71
207,72
207,73
207,74
207,75
207,76
207,77
207,78
207,79
207,80
207,81
207,82
207,83
207,84
207,85
207,86
207,87
207,88
207,89
207,90
207,91
207,92
207,93
207,94
207,95
207,96
207,97
207,98
207,99
207,100
207,101
207,102
207,103
207,104
207,105
207,106
207,107
207,108
207,109
207,110
207,111
207,112
207,113
207,114
207,115
207,116
207,117
207,118
207,119
207,120
207,121
207,122
207,218
207,219
207,220
207,221
208,0
208,1
208,2
208,3
208,4
208,5
208,6
208,7
208,8
208,9
208,10
208,11
208,12
208,13
208,14
208,15
208,16
208,17
208,18
208,19
208,20
208,21
208,22
208,23
208,24
208,25
208,26
208,27
208,28
208,29
208,30
208,31
208,32
208,33
208,60
208,61
208,62
208,63
208,64
208,65
208,66
208,67
208,68
208,69
208,70
208,71
208,72
208,73
208,74
208,75
208,76
208,77
208,78
208,79
208,80
208,81
208,82
208,83
208,84
208,85
208,86
208,87
208,88
208,89
208,90
208,91
208,92
208,93
208,94
208,95
208,96
208,97
208,98
208,99
208,100
208,101
208,102
208,103
208,104
208,105
208,106
208,107
208,108
208,109
208,110
208,111
208,112
208,113
208,114
208,115
208,116
208,117
208,118
208,119
208,120
208,121
208,122
208,218
208,219
208,220
208,221
209,0
209,1
209,2
209,3
209,4
209,5
209,6
209,7
209,8
209,9
209,10
209,11
209,12
209,13
209,14
209,15
209,16
209,17
209,18
209,19
209,20
209,21
209,22
209,23
209,24
209,25
209,26
209,27
209,28
209,29
209,30
209,31
209,32
209,33
209,34
209,59
209,60
209,61
209,62
209,63
209,64
209,65
209,66
209,67
209,68
209,69
209,70
209,71
209,72
209,73
209,74
209,75
209,76
209,77
209,78
209,79
209,80
209,81
209,82
209,83
209,84
209,85
209,86
209,87
209,88
209,89
209,90
209,91
209,92
209,93
209,94
209,95
209,96
209,97
209,98
209,99
209,100
209,101
209,102
209,103
209,104
209,105
209,106
209,107
209,108
209,109
209,110
209,111
209,112
209,113
209,114
209,115
209,116
209,117
209,118
209,119
209,120
209,121
209,122
209,218
209,219
209,220
209,221
209,239
209,240
209,241
209,242
210,0
210,1
210,2
210,3
210,4
210,5
210,6
210,7
210,8
210,9
210,10
210,11
210,12
210,13
210,14
210,15
210,16
210,17
210,18
210,19
210,20
210,21
210,22
210,23
210,24
210,25
210,26
210,27
210,28
210,29
210,30
210,31
210,32
210,33
210,34
210,59
210,60
210,61
210,62
210,63
210,64
210,65
210,66
210,67
210,68
210,69
210,70
210,71
210,72
210,73
210,74
210,75
210,76
210,77
210,78
210,79
210,80
210,81
210,82
210,83
210,84
210,85
210,86
210,87
210,88
210,89
210,90
210,91
210,92
210,93
210,94
210,95
210,96
210,97
210,98
210,99
210,100
210,101
210,102
210,103
210,104
210,105
210,106
210,107
210,108
210,109
210,110
210,111
210,112
210,113
210,114
210,115
210,116
210,117
210,118
210,119
210,120
210,121
210,122
210,123
210,124
210,217
210,218
210,219
210,220
210,221
210,239
210,240
210,241
210,242
211,0
211,1
211,2
211,3
211,4
211,5
211,6
211,7
211,8
211,9
211,10
211,11
211,12
211,13
211,14
211,15
211,16
211,17
211,18
211,19
211,20
211,21
211,22
211,23
211,24
211,25
211,26
211,27
211,28
211,29
211,30
211,31
211,32
211,33
211,34
211,59
211,60
211,61
211,62
211,63
211,64
211,65
211,66
211,67
211,68
211,69
211,70
211,71
211,72
211,73
211,74
211,76
211,77
211,78
211,79
211,80
211,81
211,82
211,83
211,84
211,85
211,86
211,87
211,88
211,89
211,90
211,91
211,92
211,93
211,94
211,95
211,96
211,97
211,98
211,99
211,100
211,101
211,102
211,103
211,104
211,105
211,106
211,107
211,108
211,109
211,110
211,111
211,112
211,113
211,114
211,115
211,116
211,117
211,118
211,122
211,123
211,124
211,125
211,126
211,127
211,217
211,218
211,219
211,220
211,238
211,239
211,240
211,241
211,242
211,243
211,244
212,0
212,1
212,2
212,3
212,4
212,5
212,6
212,7
212,8
212,9
212,10
212,11
212,12
212,13
212,14
212,15
212,16
212,17
212,18
212,19
212,20
212,21
212,22
212,23
212,24
212,25
212,26
212,27
212,28
212,29
212,30
212,31
212,32
212,33
212,34
212,59
212,60
212,61
212,62
212,63
212,64
212,65
212,66
212,67
212,68
212,69
212,70
212,71
212,72
212,78
212,79
212,80
212,81
212,82
212,83
212,84
212,85
212,86
212,87
212,88
212,89
212,90
212,91
212,92
212,93
212,94
212,95
212,96
212,97
212,98
212,99
212,100
212,101
212,102
212,103
212,104
212,105
212,106
212,107
212,108
212,109
212,110
212,111
212,112
212,113
212,114
212,115
212,116
212,117
212,118
212,122
212,123
212,124
212,125
212,126
212,127
212,128
212,217
212,218
212,219
212,238
212,239
212,240
212,241
212,242
212,243
212,244
213,0
213,1
213,2
213,3
213,4
213,5
213,6
213,7
213,8
213,9
213,10
213,11
213,12
213,13
213,14
213,15
213,16
213,17
213,18
213,19
213,20
213,21
213,22
213,23
213,24
213,25
213,26
213,27
213,28
213,29
213,30
213,31
213,32
213,33
213,34
213,59
213,60
213,61
213,62
213,63
213,64
213,65
213,66
213,67
213,70
213,71
213,79
213,80
213,81
213,82
213,83
213,84
213,85
213,86
213,87
213,88
213,89
213,90
213,91
213,92
213,93
213,94
213,95
213,96
213,97
213,98
213,99
213,100
213,101
213,102
213,103
213,104
213,105
213,106
213,107
213,108
213,109
213,110
213,111
213,112
213,113
213,114
213,115
213,116
213,117
213,122
213,123
213,124
213,125
213,126
213,127
213,128
213,217
213,218
213,219
213,237
213,238
213,239
213,240
213,241
213,242
213,243
213,244
213,245
214,0
214,1
214,2
214,3
214,4
214,5
214,6
214,7
214,8
214,9
214,10
214,11
214,12
214,13
214,14
214,15
214,16
214,17
214,18
214,19
214,20
214,21
214,22
214,23
214,24
214,25
214,26
214,27
214,28
214,29
214,30
214,31
214,32
214,33
214,34
214,59
214,60
214,61
214,62
214,63
214,64
214,65
214,66
214,80
214,81
214,82
214,83
214,84
214,85
214,86
214,87
214,88
214,89
214,90
214,91
214,92
214,93
214,94
214,95
214,96
214,97
214,98
214,99
214,100
214,101
214,102
214,103
214,104
214,105
214,106
214,107
214,108
214,109
214,110
214,111
214,112
214,113
214,114
214,115
214,116
214,117
214,122
214,123
214,124
214,125
214,126
214,127
214,128
214,217
214,218
214,237
214,238
214,239
214,240
214,241
214,242
214,243
214,244
215,0
215,1
215,2
215,3
215,4
215,5
215,6
215,7
215,8
215,9
215,10
215,11
215,12
215,20
215,21
215,22
215,23
215,24
215,25
215,26
215,27
215,28
215,29
215,30
215,31
215,32
215,33
215,60
215,61
215,62
215,63
215,64
215,65
215,66
215,81
215,82
215,83
215,84
215,85
215,86
215,87
215,88
215,89
215,90
215,91
215,92
215,93
215,94
215,95
215,96
215,97
215,98
215,99
215,100
215,101
215,102
215,103
215,104
215,105
215,106
215,107
215,108
215,109
215,110
215,111
215,112
215,113
215,114
215,115
215,116
215,122
215,123
215,124
215,125
215,126
215,127
215,128
215,129
215,133
215,134
215,135
215,136
215,137
215,138
215,236
215,237
215,238
215,239
215,240
215,241
215,242
215,243
215,244
216,0
216,1
216,2
216,3
216,4
216,5
216,6
216,7
216,8
216,9
216,10
216,11
216,12
216,23
216,24
216,25
216,26
216,27
216,28
216,29
216,30
216,31
216,32
216,60
216,61
216,62
216,63
216,64
216,65
216,66
216,82
216,83
216,84
216,85
216,86
216,87
216,88
216,89
216,90
216,91
216,92
216,93
216,94
216,95
216,96
216,97
216,98
216,99
216,100
216,101
216,102
216,103
216,104
216,105
216,106
216,107
216,108
216,109
216,110
216,111
216,112
216,113
216,114
216,115
216,116
216,123
216,124
216,125
216,126
216,127
216,128
216,129
216,130
216,131
216,132
216,133
216,134
216,135
216,136
216,137
216,138
216,139
216,236
216,237
216,238
216,239
216,240
216,241
216,242
216,243
216,244
217,0
217,1
217,2
217,3
217,4
217,5
217,6
217,7
217,8
217,9
217,10
217,11
217,12
217,26
217,27
217,28
217,29
217,30
217,31
217,32
217,60
217,61
217,62
217,63
217,64
217,65
217,66
217,67
217,83
217,84
217,85
217,86
217,87
217,88
217,89
217,90
217,91
217,92
217,93
217,94
217,95
217,96
217,97
217,98
217,99
217,100
217,101
217,102
217,103
217,104
217,109
217,110
217,111
217,112
217,113
217,114
217,123
217,124
217,125
217,126
217,127
217,128
217,129
217,130
217,131
217,132
217,133
217,134
217,135
217,136
217,137
217,138
217,139
217,140
217,235
217,236
217,237
217,238
217,239
217,240
217,241
217,242
217,243
217,244
218,0
218,1
218,2
218,3
218,4
218,5
218,6
218,7
218,8
218,9
218,10
218,28
218,29
218,61
218,62
218,63
218,64
218,65
218,66
218,67
218,68
218,69
218,83
218,84
218,85
218,86
218,87
218,88
218,89
218,90
218,91
218,92
218,93
218,94
218,95
218,96
218,97
218,98
218,99
218,100
218,101
218,102
218,103
218,123
218,124
218,125
218,126
218,127
218,128
218,129
218,130
218,131
218,132
218,133
218,134
218,135
218,136
218,137
218,138
218,139
218,140
218,141
218,142
218,143
218,144
218,234
218,235
218,236
218,237
218,238
218,239
218,240
218,241
218,242
218,243
218,244
219,0
219,1
219,2
219,3
219,4
219,5
219,6
219,7
219,8
219,9
219,10
219,11
219,62
219,63
219,64
219,65
219,66
219,67
219,68
219,69
219,83
219,84
219,85
219,86
219,87
219,88
219,89
219,90
219,91
219,92
219,93
219,94
219,95
219,96
219,97
219,98
219,99
219,100
219,101
219,102
219,123
219,124
219,125
219,126
219,127
219,128
219,129
219,130
219,131
219,132
219,133
219,134
219,135
219,136
219,137
219,138
219,139
219,140
219,141
219,142
219,143
219,144
219,145
219,146
219,147
219,234
219,235
219,236
219,237
219,238
219,239
219,240
219,241
219,242
219,243
219,244
220,0
220,1
220,2
220,3
220,4
220,5
220,6
220,7
220,8
220,9
220,10
220,62
220,63
220,64
220,65
220,66
220,67
220,68
220,69
220,70
220,82
220,83
220,84
220,85
220,86
220,87
220,88
220,89
220,90
220,91
220,92
220,93
220,94
220,95
220,96
220,97
220,98
220,99
220,100
220,101
220,102
220,122
220,123
220,124
220,125
220,126
220,127
220,128
220,129
220,130
220,131
220,132
220,133
220,134
220,135
220,136
220,137
220,138
220,139
220,140
220,141
220,142
220,143
220,144
220,145
220,146
220,147
220,148
220,149
220,150
220,151
220,233
220,234
220,235
220,236
220,237
220,238
220,239
220,240
220,241
220,242
220,243
221,0
221,1
221,2
221,3
221,4
221,5
221,6
221,7
221,8
221,9
221,10
221,62
221,63
221,64
221,65
221,66
221,67
221,68
221,69
221,70
221,71
221,81
221,82
221,83
221,84
221,85
221,86
221,87
221,88
221,89
221,90
221,91
221,92
221,93
221,94
221,95
221,96
221,97
221,98
221,99
221,100
221,101
221,122
221,123
221,124
221,125
221,126
221,127
221,128
221,129
221,130
221,131
221,132
221,133
221,134
221,135
221,136
221,137
221,138
221,139
221,140
221,141
221,142
221,143
221,144
221,145
221,146
221,147
221,148
221,149
221,150
221,151
221,152
221,233
221,234
221,235
221,236
221,237
221,238
221,239
221,240
221,241
221,242
221,243
222,0
222,1
222,2
222,3
222,4
222,5
222,6
222,7
222,8
222,9
222,10
222,62
222,63
222,64
222,65
222,66
222,67
222,68
222,69
222,70
222,71
222,72
222,79
222,80
222,81
222,82
222,83
222,84
222,85
222,86
222,87
222,88
222,89
222,90
222,91
222,92
222,93
222,94
222,95
222,96
222,97
222,98
222,99
222,100
222,120
222,121
222,122
222,123
222,124
222,125
222,126
222,127
222,128
222,129
222,130
222,131
222,132
222,133
222,134
222,135
222,136
222,137
222,138
222,139
222,140
222,141
222,142
222,143
222,144
222,145
222,146
222,147
222,148
222,149
222,150
222,151
222,152
222,153
222,233
222,234
222,235
222,236
222,237
222,238
222,239
222,240
222,241
222,242
223,0
223,1
223,2
223,3
223,4
223,5
223,6
223,7
223,8
223,9
223,10
223,62
223,63
223,64
223,65
223,66
223,67
223,68
223,69
223,70
223,71
223,72
223,73
223,74
223,75
223,76
223,77
223,78
223,79
223,80
223,81
223,82
223,83
223,84
223,85
223,86
223,87
223,88
223,89
223,90
223,91
223,92
223,93
223,94
223,95
223,96
223,97
223,98
223,99
223,113
223,114
223,115
223,116
223,117
223,118
223,119
223,120
223,121
223,122
223,123
223,124
223,125
223,126
223,127
223,128
223,129
223,130
223,131
223,132
223,133
223,134
223,135
223,136
223,137
223,138
223,139
223,140
223,141
223,142
223,143
223,144
223,145
223,146
223,147
223,148
223,149
223,150
223,151
223,152
223,153
223,232
223,233
223,234
223,235
223,236
223,237
223,238
223,239
223,240
223,241
224,0
224,1
224,2
224,3
224,4
224,5
224,6
224,7
224,8
224,9
224,62
224,63
224,64
224,65
224,66
224,67
224,68
224,69
224,70
224,71
224,72
224,73
224,74
224,75
224,76
224,77
224,78
224,79
224,80
224,81
224,82
224,83
224,84
224,85
224,86
224,87
224,88
224,89
224,90
224,91
224,92
224,93
224,94
224,95
224,96
224,112
224,113
224,114
224,115
224,116
224,117
224,118
224,119
224,120
224,121
224,122
224,123
224,124
224,125
224,126
224,127
224,128
224,129
224,130
224,131
224,132
224,133
224,134
224,135
224,136
224,137
224,138
224,139
224,140
224,141
224,142
224,143
224,144
224,145
224,146
224,147
224,148
224,149
224,150
224,151
224,152
224,153
224,232
224,233
224,234
224,235
224,236
224,237
224,238
224,239
224,240
224,241
225,0
225,1
225,2
225,3
225,4
225,5
225,6
225,7
225,8
225,62
225,63
225,64
225,65
225,66
225,67
225,68
225,69
225,70
225,71
225,72
225,73
225,74
225,75
225,76
225,77
225,78
225,79
225,80
225,81
225,82
225,83
225,84
225,85
225,86
225,87
225,88
225,89
225,90
225,91
225,92
225,93
225,94
225,95
225,112
225,113
225,114
225,115
225,116
225,117
225,118
225,119
225,120
225,121
225,122
225,123
225,124
225,125
225,126
225,127
225,128
225,129
225,130
225,131
225,132
225,133
225,134
225,135
225,136
225,137
225,138
225,139
225,140
225,141
225,142
225,143
225,144
225,145
225,146
225,147
225,148
225,149
225,150
225,151
225,152
225,232
225,233
225,234
225,235
225,236
225,237
225,238
225,239
225,240
225,241
226,0
226,1
226,2
226,3
226,4
226,5
226,6
226,62
226,63
226,64
226,65
226,66
226,67
226,68
226,69
226,70
226,71
226,72
226,73
226,74
226,75
226,76
226,77
226,78
226,79
226,80
226,81
226,82
226,83
226,84
226,85
226,86
226,87
226,88
226,89
226,90
226,91
226,92
226,93
226,94
226,110
226,111
226,112
226,113
226,114
226,115
226,116
226,117
226,118
226,119
226,120
226,121
226,122
226,123
226,124
226,125
226,126
226,127
226,128
226,129
226,130
226,131
226,132
226,133
226,134
226,135
226,136
226,137
226,138
226,139
226,140
226,141
226,142
226,143
226,144
226,145
226,146
226,147
226,148
226,149
226,150
226,151
226,152
226,153
226,232
226,233
226,234
226,235
226,236
226,237
226,238
226,239
226,240
226,241
227,0
227,1
227,2
227,3
227,4
227,5
227,62
227,63
227,64
227,65
227,66
227,67
227,68
227,69
227,70
227,71
227,72
227,73
227,74
227,75
227,76
227,77
227,78
227,79
227,80
227,81
227,82
227,83
227,84
227,85
227,86
227,87
227,88
227,89
227,90
227,91
227,92
227,93
227,94
227,95
227,109
227,110
227,111
227,112
227,113
227,114
227,115
227,116
227,117
227,118
227,119
227,120
227,121
227,122
227,123
227,124
227,125
227,126
227,127
227,128
227,129
227,130
227,131
227,132
227,133
227,134
227,135
227,136
227,137
227,138
227,139
227,140
227,141
227,142
227,143
227,144
227,145
227,146
227,147
227,148
227,149
227,150
227,151
227,152
227,153
227,231
227,232
227,233
227,234
227,235
227,236
227,237
227,238
227,239
227,240
227,241
228,0
228,1
228,2
228,3
228,4
228,62
228,63
228,64
228,65
228,66
228,67
228,68
228,69
228,70
228,71
228,72
228,73
228,74
228,75
228,76
228,77
228,78
228,79
228,80
228,81
228,82
228,83
228,84
228,85
228,86
228,87
228,88
228,89
228,90
228,91
228,92
228,93
228,94
228,95
228,96
228,108
228,109
228,110
228,111
228,112
228,113
228,114
228,115
228,116
228,117
228,118
228,119
228,120
228,121
228,122
228,123
228,124
228,125
228,126
228,127
228,128
228,129
228,130
228,131
228,132
228,133
228,134
228,135
228,136
228,137
228,138
228,139
228,140
228,141
228,142
228,143
228,144
228,145
228,146
228,147
228,148
228,149
228,150
228,151
228,152
228,153
228,154
228,230
228,231
228,232
228,233
228,234
228,235
228,236
228,237
228,238
228,239
228,240
228,241
229,0
229,1
229,2
229,3
229,4
229,62
229,63
229,64
229,65
229,66
229,67
229,68
229,69
229,70
229,71
229,72
229,73
229,74
229,75
229,76
229,77
229,78
229,79
229,80
229,81
229,82
229,83
229,84
229,85
229,86
229,87
229,88
229,89
229,90
229,91
229,92
229,93
229,94
229,95
229,96
229,105
229,106
229,107
229,108
229,109
229,110
229,111
229,112
229,113
229,114
229,115
229,116
229,117
229,118
229,119
229,120
229,121
229,122
229,123
229,124
229,125
229,126
229,127
229,128
229,129
229,130
229,131
229,132
229,133
229,134
229,135
229,136
229,137
229,138
229,139
229,140
229,141
229,142
229,143
229,144
229,145
229,146
229,147
229,148
229,149
229,150
229,151
229,152
229,153
229,154
229,155
229,230
229,231
229,232
229,233
229,234
229,235
229,236
229,237
229,238
229,239
229,240
229,241
230,0
230,1
230,2
230,3
230,62
230,63
230,64
230,65
230,66
230,67
230,68
230,69
230,70
230,71
230,72
230,73
230,74
230,75
230,76
230,77
230,78
230,79
230,80
230,81
230,82
230,83
230,84
230,85
230,86
230,87
230,88
230,89
230,90
230,91
230,92
230,93
230,94
230,95
230,96
230,97
230,98
230,99
230,100
230,102
230,103
230,104
230,105
230,106
230,107
230,108
230,109
230,110
230,111
230,112
230,113
230,114
230,115
230,116
230,117
230,118
230,119
230,120
230,121
230,122
230,123
230,124
230,125
230,126
230,127
230,128
230,129
230,130
230,131
230,132
230,133
230,134
230,135
230,136
230,137
230,138
230,139
230,140
230,141
230,142
230,143
230,144
230,145
230,146
230,147
230,148
230,149
230,150
230,151
230,152
230,153
230,154
230,155
230,156
230,230
230,231
230,232
230,233
230,234
230,235
230,236
230,237
230,238
230,239
230,240
230,241
230,242
231,0
231,1
231,2
231,3
231,62
231,63
231,64
231,65
231,66
231,67
231,68
231,69
231,70
231,71
231,72
231,73
231,74
231,75
231,76
231,77
231,78
231,79
231,80
231,81
231,82
231,83
231,84
231,85
231,86
231,87
231,88
231,89
231,90
231,91
231,92
231,93
231,94
231,95
231,96
231,97
231,98
231,99
231,100
231,101
231,102
231,103
231,104
231,105
231,106
231,107
231,108
231,109
231,110
231,111
231,112
231,113
231,114
231,115
231,116
231,117
231,118
231,119
231,120
231,121
231,122
231,123
231,124
231,125
231,126
231,127
231,128
231,129
231,130
231,131
231,132
231,133
231,134
231,135
231,136
231,137
231,138
231,139
231,140
231,141
231,142
231,143
231,144
231,145
231,146
231,147
231,148
231,149
231,150
231,151
231,152
231,153
231,154
231,155
231,156
231,157
231,229
231,230
231,231
231,232
231,233
231,234
231,235
231,236
231,237
231,238
231,239
231,240
231,241
232,0
232,1
232,2
232,63
232,64
232,65
232,66
232,67
232,68
232,69
232,70
232,71
232,72
232,73
232,74
232,75
232,76
232,77
232,78
232,79
232,80
232,81
232,82
232,83
232,84
232,85
232,86
232,87
232,88
232,89
232,90
232,91
232,92
232,93
232,94
232,95
232,96
232,97
232,98
232,99
232,100
232,101
232,102
232,103
232,104
232,105
232,106
232,107
232,108
232,109
232,110
232,111
232,112
232,113
232,114
232,115
232,116
232,117
232,118
232,119
232,120
232,121
232,122
232,123
232,124
232,125
232,126
232,127
232,128
232,129
232,130
232,131
232,132
232,133
232,134
232,135
232,136
232,137
232,138
232,139
232,140
232,141
232,142
232,143
232,144
232,145
232,146
232,147
232,148
232,149
232,150
232,151
232,152
232,153
232,154
232,155
232,156
232,157
232,158
232,159
232,229
232,230
232,231
232,232
232,233
232,234
232,235
232,236
232,237
232,238
232,239
232,240
232,241
233,1
233,2
233,63
233,64
233,65
233,66
233,67
233,68
233,69
233,70
233,71
233,72
233,73
233,74
233,75
233,76
233,77
233,78
233,79
233,80
233,81
233,82
233,83
233,84
233,85
233,86
233,87
233,88
233,89
233,90
233,91
233,92
233,93
233,94
233,95
233,96
233,97
233,98
233,99
233,100
233,101
233,102
233,103
233,104
233,105
233,106
233,107
233,108
233,109
233,110
233,111
233,112
233,113
233,114
233,115
233,116
233,117
233,118
233,119
233,120
233,121
233,122
233,123
233,124
233,125
233,126
233,127
233,128
233,129
233,130
233,131
233,132
233,133
233,134
233,135
233,136
233,137
233,138
233,139
233,140
233,141
233,142
233,143
233,144
233,145
233,146
233,147
233,148
233,149
233,150
233,151
233,152
233,153
233,154
233,155
233,156
233,157
233,158
233,159
233,160
233,228
233,229
233,230
233,231
233,232
233,233
233,234
233,235
233,236
233,237
233,238
233,239
233,240
233,241
234,2
234,63
234,64
234,65
234,66
234,67
234,68
234,69
234,70
234,71
234,72
234,73
234,74
234,75
234,76
234,77
234,78
234,79
234,80
234,81
234,82
234,83
234,84
234,85
234,86
234,87
234,88
234,89
234,90
234,91
234,92
234,93
234,94
234,95
234,96
234,97
234,98
234,99
234,100
234,101
234,102
234,103
234,104
234,105
234,106
234,107
234,108
234,109
234,110
234,111
234,112
234,113
234,114
234,115
234,116
234,117
234,118
234,119
234,120
234,121
234,122
234,123
234,124
234,125
234,126
234,127
234,128
234,129
234,130
234,131
234,132
234,133
234,134
234,135
234,136
234,137
234,138
234,139
234,140
234,141
234,142
234,143
234,144
234,145
234,146
234,147
234,148
234,149
234,150
234,151
234,152
234,153
234,154
234,155
234,156
234,157
234,158
234,159
234,160
234,228
234,229
234,230
234,231
234,232
234,233
234,234
234,235
234,236
234,237
234,238
234,239
234,240
234,241
235,64
235,65
235,66
235,67
235,68
235,69
235,70
235,71
235,72
235,73
235,74
235,75
235,76
235,77
235,78
235,79
235,80
235,81
235,82
235,83
235,84
235,85
235,86
235,87
235,88
235,89
235,90
235,91
235,92
235,93
235,94
235,95
235,96
235,97
235,98
235,99
235,100
235,101
235,102
235,103
235,104
235,105
235,106
235,107
235,108
235,109
235,110
235,111
235,112
235,113
235,114
235,115
235,116
235,117
235,118
235,119
235,120
235,121
235,122
235,123
235,124
235,125
235,126
235,127
235,128
235,129
235,130
235,131
235,132
235,133
235,134
235,135
235,136
235,137
235,138
235,139
235,140
235,141
235,142
235,143
235,144
235,145
235,146
235,147
235,148
235,149
235,150
235,151
235,152
235,153
235,154
235,155
235,156
235,157
235,158
235,159
235,160
235,228
235,229
235,230
235,231
235,232
235,233
235,234
235,235
235,236
235,237
235,238
235,239
235,240
235,241
236,65
236,66
236,67
236,68
236,69
236,70
236,71
236,72
236,73
236,74
236,75
236,76
236,77
236,78
236,79
236,80
236,81
236,82
236,83
236,84
236,85
236,86
236,87
236,88
236,89
236,90
236,91
236,92
236,93
236,94
236,95
236,96
236,97
236,98
236,99
236,100
236,101
236,102
236,103
236,104
236,105
236,106
236,107
236,108
236,109
236,110
236,111
236,112
236,113
236,114
236,115
236,116
236,117
236,118
236,119
236,120
236,121
236,122
236,123
236,124
236,125
236,126
236,127
236,128
236,129
236,130
236,131
236,132
236,133
236,134
236,135
236,136
236,137
236,138
236,139
236,140
236,141
236,142
236,143
236,144
236,145
236,146
236,147
236,148
236,149
236,150
236,151
236,152
236,153
236,154
236,155
236,156
236,157
236,158
236,159
236,160
236,228
236,229
236,230
236,231
236,232
236,233
236,234
236,235
236,236
236,237
236,238
236,239
236,240
236,241
236,242
237,67
237,68
237,69
237,70
237,71
237,72
237,73
237,74
237,75
237,76
237,77
237,78
237,79
237,80
237,81
237,82
237,83
237,84
237,85
237,86
237,87
237,88
237,89
237,90
237,91
237,92
237,93
237,94
237,95
237,96
237,97
237,98
237,99
237,100
237,101
237,102
237,103
237,104
237,105
237,106
237,107
237,108
237,109
237,110
237,111
237,112
237,113
237,114
237,115
237,116
237,117
237,118
237,119
237,120
237,121
237,122
237,123
237,124
237,125
237,126
237,127
237,128
237,129
237,130
237,131
237,132
237,133
237,134
237,135
237,136
237,137
237,138
237,139
237,140
237,141
237,142
237,143
237,144
237,145
237,146
237,147
237,148
237,149
237,150
237,151
237,152
237,153
237,154
237,155
237,156
237,157
237,158
237,159
237,160
237,228
237,229
237,230
237,231
237,232
237,233
237,234
237,235
237,236
237,237
237,238
237,239
237,240
237,241
237,242
238,69
238,70
238,71
238,72
238,73
238,74
238,75
238,76
238,77
238,78
238,79
238,80
238,81
238,82
238,83
238,84
238,85
238,86
238,87
238,88
238,89
238,90
238,91
238,92
238,93
238,94
238,95
238,96
238,97
238,98
238,99
238,100
238,101
238,102
238,103
238,104
238,105
238,106
238,107
238,108
238,109
238,110
238,111
238,112
238,113
238,114
238,115
238,116
238,117
238,118
238,119
238,120
238,121
238,122
238,123
238,124
238,125
238,126
238,127
238,128
238,129
238,130
238,131
238,132
238,133
238,134
238,135
238,136
238,137
238,138
238,139
238,140
238,141
238,142
238,143
238,144
238,145
238,146
238,147
238,148
238,149
238,150
238,151
238,152
238,153
238,154
238,155
238,156
238,157
238,158
238,159
238,228
238,229
238,230
238,231
238,232
238,233
238,234
238,235
238,236
238,237
238,238
238,239
238,240
238,241
238,242
239,71
239,72
239,73
239,74
239,75
239,76
239,77
239,78
239,79
239,80
239,81
239,82
239,83
239,84
239,85
239,86
239,87
239,88
239,89
239,90
239,91
239,92
239,93
239,94
239,95
239,96
239,97
239,98
239,99
239,100
239,101
239,102
239,103
239,104
239,105
239,106
239,107
239,108
239,109
239,110
239,111
239,112
239,113
239,114
239,115
239,116
239,117
239,118
239,119
239,120
239,121
239,122
239,123
239,124
239,125
239,126
239,127
239,128
239,129
239,130
239,131
239,132
239,133
239,134
239,135
239,136
239,137
239,138
239,139
239,140
239,141
239,142
239,143
239,144
239,145
239,146
239,147
239,148
239,149
239,150
239,151
239,152
239,153
239,154
239,155
239,156
239,157
239,158
239,159
239,228
239,229
239,230
239,231
239,232
239,233
239,234
239,235
239,236
239,237
239,238
239,239
239,240
239,241
239,242
239,243
240,72
240,73
240,74
240,75
240,76
240,77
240,78
240,79
240,80
240,81
240,82
240,83
240,84
240,85
240,86
240,87
240,88
240,89
240,90
240,91
240,92
240,93
240,94
240,95
240,96
240,97
240,98
240,99
240,100
240,101
240,102
240,103
240,104
240,105
240,106
240,107
240,108
240,109
240,110
240,111
240,112
240,113
240,114
240,115
240,116
240,117
240,118
240,119
240,120
240,121
240,122
240,123
240,124
240,125
240,126
240,127
240,128
240,129
240,130
240,131
240,132
240,133
240,134
240,135
240,136
240,137
240,138
240,139
240,140
240,141
240,142
240,143
240,144
240,145
240,146
240,147
240,148
240,149
240,150
240,151
240,152
240,153
240,154
240,155
240,156
240,157
240,158
240,227
240,228
240,229
240,230
240,231
240,232
240,233
240,234
240,235
240,236
240,237
240,238
240,239
240,240
240,241
240,242
240,243
241,74
241,75
241,76
241,77
241,78
241,79
241,80
241,81
241,82
241,83
241,84
241,85
241,86
241,87
241,88
241,89
241,90
241,91
241,92
241,93
241,94
241,95
241,96
241,97
241,98
241,99
241,100
241,101
241,102
241,103
241,104
241,105
241,106
241,107
241,108
241,109
241,110
241,111
241,112
241,113
241,114
241,115
241,116
241,117
241,118
241,119
241,120
241,121
241,122
241,123
241,124
241,125
241,126
241,127
241,128
241,129
241,130
241,131
241,132
241,133
241,134
241,135
241,136
241,137
241,138
241,139
241,140
241,141
241,142
241,143
241,144
241,145
241,146
241,147
241,148
241,149
241,150
241,151
241,152
241,153
241,154
241,155
241,156
241,157
241,158
241,227
241,228
241,229
241,230
241,231
241,232
241,233
241,234
241,235
241,236
241,237
241,238
241,239
241,240
241,241
241,242
241,243
241,244
242,77
242,78
242,79
242,80
242,81
242,82
242,83
242,84
242,85
242,86
242,87
242,88
242,89
242,90
242,91
242,92
242,93
242,94
242,95
242,96
242,97
242,98
242,99
242,100
242,101
242,102
242,103
242,104
242,105
242,106
242,107
242,108
242,109
242,110
242,111
242,112
242,113
242,114
242,115
242,116
242,117
242,118
242,119
242,120
242,121
242,122
242,123
242,124
242,125
242,126
242,127
242,128
242,129
242,130
242,131
242,132
242,133
242,134
242,135
242,136
242,137
242,138
242,139
242,140
242,141
242,142
242,143
242,144
242,145
242,146
242,147
242,148
242,149
242,150
242,151
242,152
242,153
242,154
242,155
242,156
242,157
242,158
242,226
242,227
242,228
242,229
242,230
242,231
242,232
242,233
242,234
242,235
242,236
242,237
242,238
242,239
242,240
242,241
242,242
242,243
242,244
243,79
243,80
243,81
243,82
243,83
243,84
243,85
243,86
243,87
243,88
243,89
243,90
243,91
243,92
243,93
243,94
243,95
243,96
243,97
243,98
243,99
243,100
243,101
243,102
243,103
243,104
243,105
243,106
243,107
243,108
243,109
243,110
243,111
243,112
243,113
243,114
243,115
243,116
243,117
243,118
243,119
243,120
243,121
243,122
243,123
243,124
243,125
243,126
243,127
243,128
243,129
243,130
243,131
243,132
243,133
243,134
243,135
243,136
243,137
243,138
243,139
243,140
243,141
243,142
243,143
243,144
243,145
243,146
243,147
243,148
243,149
243,150
243,151
243,152
243,153
243,154
243,155
243,156
243,157
243,158
243,226
243,227
243,228
243,229
243,230
243,231
243,232
243,233
243,234
243,235
243,236
243,237
243,238
243,239
243,240
243,241
243,242
243,243
243,244
244,80
244,81
244,82
244,83
244,84
244,85
244,86
244,87
244,88
244,89
244,90
244,91
244,92
244,93
244,94
244,95
244,96
244,97
244,98
244,99
244,100
244,101
244,102
244,103
244,104
244,105
244,106
244,107
244,108
244,109
244,110
244,111
244,112
244,113
244,114
244,115
244,116
244,117
244,118
244,119
244,120
244,121
244,122
244,123
244,124
244,125
244,126
244,127
244,128
244,129
244,130
244,131
244,132
244,133
244,134
244,135
244,136
244,137
244,138
244,139
244,140
244,141
244,142
244,143
244,144
244,145
244,146
244,147
244,148
244,149
244,150
244,151
244,152
244,153
244,154
244,155
244,156
244,157
244,158
244,225
244,226
244,227
244,228
244,229
244,230
244,231
244,232
244,233
244,234
244,235
244,236
244,237
244,238
244,239
244,240
244,241
244,242
244,243
244,244
244,245
245,81
245,82
245,83
245,84
245,85
245,86
245,87
245,88
245,89
245,90
245,91
245,92
245,93
245,94
245,95
245,96
245,97
245,98
245,99
245,100
245,101
245,102
245,103
245,104
245,105
245,106
245,107
245,108
245,109
245,110
245,111
245,112
245,113
245,114
245,115
245,116
245,117
245,118
245,119
245,120
245,121
245,122
245,123
245,124
245,125
245,126
245,127
245,128
245,129
245,130
245,131
245,132
245,133
245,134
245,135
245,136
245,137
245,138
245,139
245,140
245,141
245,142
245,143
245,144
245,145
245,146
245,147
245,148
245,149
245,150
245,151
245,152
245,153
245,154
245,155
245,156
245,157
245,224
245,225
245,226
245,227
245,228
245,229
245,230
245,231
245,232
245,233
245,234
245,235
245,236
245,237
245,238
245,239
245,240
245,241
245,242
245,243
245,244
245,245
246,83
246,84
246,85
246,86
246,87
246,88
246,89
246,90
246,91
246,92
246,93
246,94
246,95
246,96
246,97
246,98
246,99
246,100
246,101
246,102
246,103
246,104
246,105
246,106
246,107
246,108
246,109
246,110
246,111
246,112
246,113
246,114
246,115
246,116
246,117
246,118
246,119
246,120
246,121
246,122
246,123
246,124
246,125
246,126
246,127
246,128
246,129
246,130
246,131
246,132
246,133
246,134
246,135
246,136
246,137
246,138
246,139
246,140
246,141
246,142
246,143
246,144
246,145
246,146
246,147
246,148
246,149
246,150
246,151
246,152
246,153
246,154
246,155
246,156
246,157
246,190
246,191
246,192
246,193
246,224
246,225
246,226
246,227
246,228
246,229
246,230
246,231
246,232
246,233
246,234
246,235
246,236
246,237
246,238
246,239
246,240
246,241
246,242
246,243
246,244
246,245
247,85
247,86
247,87
247,88
247,89
247,90
247,91
247,92
247,93
247,94
247,95
247,96
247,97
247,98
247,99
247,100
247,101
247,102
247,103
247,104
247,105
247,106
247,107
247,108
247,109
247,110
247,111
247,112
247,113
247,114
247,115
247,116
247,117
247,118
247,119
247,120
247,121
247,122
247,123
247,124
247,125
247,126
247,127
247,128
247,129
247,130
247,131
247,132
247,133
247,134
247,135
247,136
247,137
247,138
247,139
247,140
247,141
247,142
247,143
247,144
247,145
247,146
247,147
247,148
247,149
247,150
247,151
247,152
247,153
247,154
247,155
247,156
247,157
247,191
247,192
247,193
247,194
247,224
247,225
247,226
247,227
247,228
247,229
247,230
247,231
247,232
247,233
247,234
247,235
247,236
247,237
247,238
247,239
247,240
247,241
247,242
247,243
247,244
248,88
248,89
248,90
248,91
248,92
248,93
248,94
248,95
248,96
248,97
248,98
248,99
248,100
248,101
248,102
248,103
248,104
248,105
248,106
248,107
248,108
248,109
248,110
248,111
248,112
248,113
248,114
248,115
248,116
248,117
248,118
248,119
248,120
248,121
248,122
248,123
248,124
248,125
248,126
248,127
248,128
248,129
248,130
248,131
248,132
248,133
248,134
248,135
248,136
248,137
248,138
248,139
248,140
248,141
248,142
248,143
248,144
248,145
248,146
248,147
248,148
248,149
248,150
248,151
248,152
248,153
248,154
248,155
248,156
248,157
248,192
248,193
248,223
248,224
248,225
248,226
248,227
248,228
248,229
248,230
248,231
248,232
248,233
248,234
248,235
248,236
248,237
248,238
248,239
248,240
248,241
248,242
248,243
249,90
249,91
249,92
249,93
249,94
249,95
249,96
249,97
249,98
249,99
249,100
249,101
249,102
249,103
249,104
249,105
249,106
249,107
249,108
249,109
249,110
249,111
249,112
249,113
249,114
249,115
249,116
249,121
249,122
249,123
249,124
249,125
249,126
249,127
249,128
249,129
249,130
249,131
249,132
249,133
249,134
249,135
249,136
249,137
249,138
249,139
249,140
249,141
249,142
249,143
249,144
249,145
249,146
249,147
249,148
249,149
249,150
249,151
249,152
249,153
249,154
249,155
249,156
249,157
249,223
249,224
249,225
249,226
249,227
249,228
249,229
249,230
249,231
249,232
249,233
249,234
249,235
249,236
249,237
249,238
249,239
249,240
249,241
249,242
249,243
