74,69
74,70
75,68
75,69
75,70
75,71
75,72
76,68
76,69
76,70
76,71
76,72
76,73
76,74
77,69
77,70
77,71
77,72
77,73
77,74
77,75
77,76
78,70
78,71
78,72
78,73
78,74
78,75
78,76
78,77
78,78
79,72
79,73
79,74
79,75
79,76
79,77
79,78
79,79
79,80
80,73
80,74
80,75
80,76
80,77
80,78
80,79
80,80
80,81
80,82
81,74
81,75
81,76
81,77
81,78
81,79
81,80
81,81
81,82
81,83
82,75
82,76
82,77
82,78
82,79
82,80
82,81
82,82
82,83
82,84
82,85
83,77
83,78
83,79
83,80
83,81
83,82
83,83
83,84
83,85
83,86
84,78
84,79
84,80
84,81
84,82
84,83
84,84
84,85
84,86
84,87
85,80
85,81
85,82
85,83
85,84
85,85
85,86
85,87
86,82
86,83
86,84
86,85
86,86
86,87
86,88
87,84
87,85
87,86
87,87
129,125
129,126
129,127
129,128
129,129
130,124
130,125
130,126
130,127
130,128
130,129
130,130
130,131
130,132
131,124
131,125
131,126
131,127
131,128
131,129
131,130
131,131
131,132
131,133
131,134
132,124
132,125
132,126
132,127
132,128
132,129
132,130
132,131
132,132
132,133
132,134
132,135
132,136
132,137
133,125
133,126
133,127
133,128
133,129
133,130
133,131
133,132
133,133
133,134
133,135
133,136
133,137
133,138
133,139
133,140
134,126
134,127
134,128
134,129
134,130
134,131
134,132
134,133
134,134
134,135
134,136
134,137
134,138
134,139
134,140
134,141
134,142
135,128
135,129
135,130
135,131
135,132
135,133
135,134
135,135
135,136
135,137
135,138
135,139
135,140
135,141
135,142
135,143
135,144
136,130
136,131
136,132
136,133
136,134
136,135
136,136
136,137
136,138
136,139
136,140
136,141
136,142
136,143
136,144
136,145
136,146
137,131
137,132
137,133
137,134
137,135
137,136
137,137
137,138
137,139
137,140
137,141
137,142
137,143
137,144
137,145
137,146
137,147
137,148
138,133
138,134
138,135
138,136
138,137
138,138
138,139
138,140
138,141
138,142
138,143
138,144
138,145
138,146
138,147
138,148
138,149
138,150
138,151
139,135
139,136
139,137
139,138
139,139
139,140
139,141
139,142
139,143
139,144
139,145
139,146
139,147
139,148
139,149
139,150
139,151
139,152
139,153
140,138
140,139
140,140
140,141
140,142
140,143
140,144
140,145
140,146
140,147
140,148
140,149
140,150
140,151
140,152
140,153
140,154
140,155
141,140
141,141
141,142
141,143
141,144
141,145
141,146
141,147
141,148
141,149
141,150
141,151
141,152
141,153
141,154
141,155
141,156
141,157
141,176
141,177
141,178
141,179
141,180
142,143
142,144
142,145
142,146
142,147
142,148
142,149
142,150
142,151
142,152
142,153
142,154
142,155
142,156
142,157
142,158
142,159
142,176
142,177
142,178
142,179
142,180
142,181
142,182
142,183
143,145
143,146
143,147
143,148
143,149
143,150
143,151
143,152
143,153
143,154
143,155
143,156
143,157
143,158
143,159
143,160
143,161
143,162
143,176
143,177
143,178
143,179
143,180
143,181
143,182
143,183
143,184
143,185
143,186
143,187
144,147
144,148
144,149
144,150
144,151
144,152
144,153
144,154
144,155
144,156
144,157
144,158
144,159
144,160
144,161
144,162
144,177
144,178
144,179
144,180
144,181
144,182
144,183
144,184
144,185
144,186
144,187
144,188
144,189
145,149
145,150
145,151
145,152
145,153
145,154
145,155
145,156
145,157
145,158
145,159
145,160
145,161
145,162
145,163
145,178
145,179
145,180
145,181
145,182
145,183
145,184
145,185
145,186
145,187
145,188
145,189
145,190
145,191
145,192
146,151
146,152
146,153
146,154
146,155
146,156
146,157
146,158
146,159
146,160
146,161
146,162
146,179
146,180
146,181
146,182
146,183
146,184
146,185
146,186
146,187
146,188
146,189
146,190
146,191
146,192
146,193
146,194
146,195
146,196
147,154
147,155
147,156
147,157
147,158
147,159
147,160
147,161
147,180
147,181
147,182
147,183
147,184
147,185
147,186
147,187
147,188
147,189
147,190
147,191
147,192
147,193
147,194
147,195
147,196
147,197
147,198
147,199
148,158
148,159
148,160
148,181
148,182
148,183
148,184
148,185
148,186
148,187
148,188
148,189
148,190
148,191
148,192
148,193
148,194
148,195
148,196
148,197
148,198
148,199
148,200
148,201
148,202
149,183
149,184
149,185
149,186
149,187
149,188
149,189
149,190
149,191
149,192
149,193
149,194
149,195
149,196
149,197
149,198
149,199
149,200
149,201
149,202
149,203
149,204
149,205
150,185
150,186
150,187
150,188
150,189
150,190
150,191
150,192
150,193
150,194
150,195
150,196
150,197
150,198
150,199
150,200
150,201
150,202
150,203
150,204
150,205
150,206
150,207
150,208
150,209
151,186
151,187
151,188
151,189
151,190
151,191
151,192
151,193
151,194
151,195
151,196
151,197
151,198
151,199
151,200
151,201
151,202
151,203
151,204
151,205
151,206
151,207
151,208
151,209
151,210
151,211
151,212
152,189
152,190
152,191
152,192
152,193
152,194
152,195
152,196
152,197
152,198
152,199
152,200
152,201
152,202
152,203
152,204
152,205
152,206
152,207
152,208
152,209
152,210
152,211
152,212
152,213
152,214
152,215
152,216
153,190
153,191
153,192
153,193
153,194
153,195
153,196
153,197
153,198
153,199
153,200
153,201
153,202
153,203
153,204
153,205
153,206
153,207
153,208
153,209
153,210
153,211
153,212
153,213
153,214
153,215
153,216
153,217
153,218
153,219
153,220
154,193
154,194
154,195
154,196
154,197
154,198
154,199
154,200
154,201
154,202
154,203
154,204
154,205
154,206
154,207
154,208
154,209
154,210
154,211
154,212
154,213
154,214
154,215
154,216
154,217
154,218
154,219
154,220
154,221
154,222
154,223
154,224
154,247
154,248
155,196
155,197
155,198
155,199
155,200
155,201
155,202
155,203
155,204
155,205
155,206
155,207
155,208
155,209
155,210
155,211
155,212
155,213
155,214
155,215
155,216
155,217
155,218
155,219
155,220
155,221
155,222
155,223
155,224
155,225
155,226
155,227
155,228
155,229
155,230
155,231
155,232
155,233
155,234
155,235
155,236
155,237
155,238
155,239
155,245
155,246
155,247
155,248
155,249
156,199
156,200
156,201
156,202
156,203
156,204
156,205
156,206
156,207
156,208
156,209
156,210
156,211
156,212
156,213
156,214
156,215
156,216
156,217
156,218
156,219
156,220
156,221
156,222
156,223
156,224
156,225
156,226
156,227
156,228
156,229
156,230
156,231
156,232
156,233
156,234
156,235
156,236
156,237
156,238
156,239
156,240
156,241
156,242
156,243
156,244
156,245
156,246
156,247
156,248
156,249
157,202
157,203
157,204
157,205
157,206
157,207
157,208
157,209
157,210
157,211
157,212
157,213
157,214
157,215
157,216
157,217
157,218
157,219
157,220
157,221
157,222
157,223
157,224
157,225
157,226
157,227
157,228
157,229
157,230
157,231
157,232
157,233
157,234
157,235
157,236
157,237
157,238
157,239
157,240
157,241
157,242
157,243
157,244
157,245
157,246
157,247
157,248
157,249
158,206
158,207
158,208
158,209
158,210
158,211
158,212
158,213
158,214
158,215
158,216
158,217
158,218
158,219
158,220
158,221
158,222
158,223
158,224
158,225
158,226
158,227
158,228
158,229
158,230
158,231
158,232
158,233
158,234
158,235
158,236
158,237
158,238
158,239
158,240
158,241
158,242
158,243
158,244
158,245
158,246
158,247
158,248
158,249
159,210
159,211
159,212
159,213
159,214
159,215
159,216
159,217
159,218
159,219
159,220
159,221
159,222
159,223
159,224
159,225
159,226
159,227
159,228
159,229
159,230
159,231
159,232
159,233
159,234
159,235
159,236
159,237
159,238
159,239
159,240
159,241
159,242
159,243
159,244
159,245
159,246
159,247
159,248
159,249
160,218
160,219
160,220
160,221
160,222
160,223
160,224
160,225
160,226
160,227
160,228
160,229
160,230
160,231
160,232
160,233
160,234
160,235
160,236
160,237
160,238
160,239
160,240
160,241
160,242
160,243
160,244
160,245
160,246
160,247
160,248
160,249
161,244
161,245
161,246
161,247
161,248
161,249
162,245
162,246
162,247
162,248
162,249
163,245
163,246
163,247
163,248
163,249
164,245
164,246
164,247
164,248
164,249
165,245
165,246
165,247
165,248
165,249
166,245
166,246
166,247
166,248
166,249
167,245
167,246
167,247
167,248
167,249
168,245
168,246
168,247
168,248
168,249
169,245
169,246
169,247
169,248
169,249
170,244
170,245
170,246
170,247
170,248
170,249
171,244
171,245
171,246
171,247
171,248
171,249
172,244
172,245
172,246
172,247
172,248
172,249
173,243
173,244
173,245
173,246
173,247
173,248
173,249
174,243
174,244
174,245
174,246
174,247
174,248
174,249
175,243
175,244
175,245
175,246
175,247
175,248
175,249
176,243
176,244
176,245
176,246
176,247
176,248
176,249
177,243
177,244
177,245
177,246
177,247
177,248
177,249
178,242
178,243
178,244
178,245
178,246
178,247
178,248
178,249
179,242
179,243
179,244
179,245
179,246
179,247
179,248
179,249
180,241
180,242
180,243
180,244
180,245
180,246
180,247
180,248
180,249
181,241
181,242
181,243
181,244
181,245
181,246
181,247
181,248
181,249
182,241
182,242
182,243
182,244
182,245
182,246
182,247
182,248
182,249
183,240
183,241
183,242
183,243
183,244
183,245
183,246
183,247
183,248
183,249
184,240
184,241
184,242
184,243
184,244
184,245
184,246
184,247
184,248
184,249
185,239
185,240
185,241
185,242
185,243
185,244
185,245
185,246
185,247
185,248
185,249
186,239
186,240
186,241
186,242
186,243
186,244
186,245
186,246
186,247
186,248
187,238
187,239
187,240
187,241
187,242
187,243
187,244
187,245
187,246
187,247
187,248
188,238
188,239
188,240
188,241
188,242
188,243
188,244
188,245
188,246
188,247
189,237
189,238
189,239
189,240
189,241
189,242
189,243
189,244
189,245
189,246
189,247
190,237
190,238
190,239
190,240
190,241
190,242
190,243
190,244
190,245
190,246
191,236
191,237
191,238
191,239
191,240
191,241
191,242
191,243
191,244
191,245
191,246
192,236
192,237
192,238
192,239
192,240
192,241
192,242
192,243
192,244
192,245
193,235
193,236
193,237
193,238
193,239
193,240
193,241
193,242
193,243
193,244
193,245
194,235
194,236
194,237
194,238
194,239
194,240
194,241
194,242
194,243
194,244
195,234
195,235
195,236
195,237
195,238
195,239
195,240
195,241
195,242
195,243
196,233
196,234
196,235
196,236
196,237
196,238
196,239
196,240
196,241
196,242
196,243
197,233
197,234
197,235
197,236
197,237
197,238
197,239
197,240
197,241
197,242
198,232
198,233
198,234
198,235
198,236
198,237
198,238
198,239
198,240
198,241
199,232
199,233
199,234
199,235
199,236
199,237
199,238
199,239
199,240
199,241
200,232
200,233
200,234
200,235
200,236
200,237
200,238
200,239
200,240
201,231
201,232
201,233
201,234
201,235
201,236
201,237
201,238
201,239
202,230
202,231
202,232
202,233
202,234
202,235
202,236
202,237
202,238
202,239
203,230
203,231
203,232
203,233
203,234
203,235
203,236
203,237
203,238
203,239
204,229
204,230
204,231
204,232
204,233
204,234
204,235
204,236
204,237
204,238
205,228
205,229
205,230
205,231
205,232
205,233
205,234
205,235
205,236
205,237
205,238
206,228
206,229
206,230
206,231
206,232
206,233
206,234
206,235
206,236
206,237
207,228
207,229
207,230
207,231
207,232
207,233
207,234
207,235
207,236
207,237
208,227
208,228
208,229
208,230
208,231
208,232
208,233
208,234
208,235
208,236
209,227
209,228
209,229
209,230
209,231
209,232
209,233
209,234
209,235
209,236
210,226
210,227
210,228
210,229
210,230
210,231
210,232
210,233
210,234
210,235
211,226
211,227
211,228
211,229
211,230
211,231
211,232
211,233
211,234
211,235
212,225
212,226
212,227
212,228
212,229
212,230
212,231
212,232
212,233
212,234
212,235
213,225
213,226
213,227
213,228
213,229
213,230
213,231
213,232
213,233
213,234
214,224
214,225
214,226
214,227
214,228
214,229
214,230
214,231
214,232
214,233
214,234
215,224
215,225
215,226
215,227
215,228
215,229
215,230
215,231
215,232
215,233
216,224
216,225
216,226
216,227
216,228
216,229
216,230
216,231
216,232
217,223
217,224
217,225
217,226
217,227
217,228
217,229
217,230
217,231
217,232
218,222
218,223
218,224
218,225
218,226
218,227
218,228
218,229
218,230
218,231
219,222
219,223
219,224
219,225
219,226
219,227
219,228
219,229
219,230
219,231
220,221
220,222
220,223
220,224
220,225
220,226
220,227
220,228
220,229
220,230
221,221
221,222
221,223
221,224
221,225
221,226
221,227
221,228
221,229
221,230
222,220
222,221
222,222
222,223
222,224
222,225
222,226
222,227
222,228
222,229
223,220
223,221
223,222
223,223
223,224
223,225
223,226
223,227
223,228
223,229
224,220
224,221
224,222
224,223
224,224
224,225
224,226
224,227
224,228
225,219
225,220
225,221
225,222
225,223
225,224
225,225
225,226
225,227
225,228
226,219
226,220
226,221
226,222
226,223
226,224
226,225
226,226
226,227
227,219
227,220
227,221
227,222
227,223
227,224
227,225
227,226
227,227
228,218
228,219
228,220
228,221
228,222
228,223
228,224
228,225
228,226
228,227
229,218
229,219
229,220
229,221
229,222
229,223
229,224
229,225
229,226
229,227
230,218
230,219
230,220
230,221
230,222
230,223
230,224
230,225
230,226
230,227
231,217
231,218
231,219
231,220
231,221
231,222
231,223
231,224
231,225
231,226
232,217
232,218
232,219
232,220
232,221
232,222
232,223
232,224
232,225
232,226
233,217
233,218
233,219
233,220
233,221
233,222
233,223
233,224
233,225
234,216
234,217
234,218
234,219
234,220
234,221
234,222
234,223
234,224
234,225
235,216
235,217
235,218
235,219
235,220
235,221
235,222
235,223
235,224
235,225
236,215
236,216
236,217
236,218
236,219
236,220
236,221
236,222
236,223
236,224
236,225
237,215
237,216
237,217
237,218
237,219
237,220
237,221
237,222
237,223
237,224
237,225
238,215
238,216
238,217
238,218
238,219
238,220
238,221
238,222
238,223
238,224
239,214
239,215
239,216
239,217
239,218
239,219
239,220
239,221
239,222
239,223
240,214
240,215
240,216
240,217
240,218
240,219
240,220
240,221
240,222
240,223
241,213
241,214
241,215
241,216
241,217
241,218
241,219
241,220
241,221
241,222
241,223
242,213
242,214
242,215
242,216
242,217
242,218
242,219
242,220
242,221
242,222
242,223
243,212
243,213
243,214
243,215
243,216
243,217
243,218
243,219
243,220
243,221
243,222
244,212
244,213
244,214
244,215
244,216
244,217
244,218
244,219
244,220
244,221
245,211
245,212
245,213
245,214
245,215
245,216
245,217
245,218
245,219
245,220
245,221
246,210
246,211
246,212
246,213
246,214
246,215
246,216
246,217
246,218
246,219
246,220
246,221
247,208
247,209
247,210
247,211
247,212
247,213
247,214
247,215
247,216
247,217
247,218
247,219
247,220
247,221
248,206
248,207
248,208
248,209
248,210
248,211
248,212
248,213
248,214
248,215
248,216
248,217
248,218
248,219
248,220
249,206
249,207
249,208
249,209
249,210
249,211
249,212
249,213
249,214
249,215
249,216
249,217
249,218
249,219
249,220
