0,97
0,98
0,99
0,100
1,97
1,98
1,99
1,100
1,173
1,174
1,175
1,176
1,177
1,178
1,179
1,180
1,181
1,182
1,183
1,184
1,185
1,186
1,187
2,97
2,98
2,99
2,100
2,173
2,174
2,175
2,176
2,177
2,178
2,179
2,180
2,181
2,182
2,183
2,184
2,185
2,186
2,187
3,97
3,98
3,99
3,100
3,173
3,174
3,175
3,176
3,177
3,178
3,179
3,180
3,181
3,182
3,183
3,184
3,185
3,186
3,187
4,97
4,98
4,99
4,100
4,173
4,174
4,175
4,176
4,177
4,178
4,179
4,180
4,181
4,182
4,183
4,184
4,185
4,186
4,187
5,97
5,98
5,99
5,100
5,173
5,174
5,175
5,176
5,177
5,178
5,179
5,180
5,181
5,182
5,183
5,184
5,185
5,186
5,187
6,97
6,98
6,99
6,100
6,173
6,174
6,175
6,176
6,177
6,178
6,179
6,180
6,181
6,182
6,183
6,184
6,185
6,186
6,187
7,97
7,98
7,99
7,100
7,173
7,174
7,175
7,176
7,177
7,178
7,179
7,180
7,181
7,182
7,183
7,184
7,185
7,186
7,187
8,97
8,98
8,99
8,100
8,173
8,174
8,175
8,176
8,177
8,178
8,179
8,180
8,181
8,182
8,183
8,184
8,185
8,186
8,187
9,97
9,98
9,99
9,100
9,173
9,174
9,175
9,176
9,177
9,178
9,179
9,180
9,181
9,182
9,183
9,184
9,185
9,186
9,187
10,97
10,98
10,99
10,100
10,173
10,174
10,175
10,176
10,177
10,178
10,179
10,180
10,181
10,182
10,183
10,184
10,185
10,186
10,187
11,97
11,98
11,99
11,100
11,173
11,174
11,175
11,176
11,177
11,178
11,179
11,180
11,181
11,182
11,183
11,184
11,185
11,186
11,187
12,97
12,98
12,99
12,100
12,173
12,174
12,175
12,176
12,177
12,178
12,179
12,180
12,181
12,182
12,183
12,184
12,185
12,186
12,187
13,97
13,98
13,99
13,100
13,173
13,174
13,175
13,176
13,177
13,178
13,179
13,180
13,181
13,182
13,183
13,184
13,185
13,186
13,187
14,97
14,98
14,99
14,100
14,173
14,174
14,175
14,176
14,177
14,178
14,179
14,180
14,181
14,182
14,183
14,184
14,185
14,186
14,187
15,97
15,98
15,99
15,100
15,173
15,174
15,175
15,176
15,177
15,178
15,179
15,180
15,181
15,182
15,183
15,184
15,185
15,186
15,187
16,97
16,98
16,99
16,100
16,173
16,174
16,175
16,176
16,177
16,178
16,179
16,180
16,181
16,182
16,183
16,184
16,185
16,186
16,187
17,97
17,98
17,99
17,100
17,173
17,174
17,175
17,176
17,177
17,178
17,179
17,180
17,181
17,182
17,183
17,184
17,185
17,186
17,187
18,97
18,98
18,99
18,100
18,173
18,174
18,175
18,176
18,177
18,178
18,179
18,180
18,181
18,182
18,183
18,184
18,185
18,186
18,187
19,97
19,98
19,99
19,100
19,173
19,174
19,175
19,176
19,177
19,178
19,179
19,180
19,181
19,182
19,183
19,184
19,185
19,186
19,187
20,97
20,98
20,99
20,100
20,173
20,174
20,175
20,176
20,177
20,178
20,179
20,180
20,181
20,182
20,183
20,184
20,185
20,186
20,187
21,97
21,98
21,99
21,100
21,173
21,174
21,175
21,176
21,177
21,178
21,179
21,180
21,181
21,182
21,183
21,184
21,185
21,186
21,187
22,97
22,98
22,99
22,100
22,173
22,174
22,175
22,176
22,177
22,178
22,179
22,180
22,181
22,182
22,183
22,184
22,185
22,186
22,187
23,97
23,98
23,99
23,100
23,173
23,174
23,175
23,176
23,177
23,178
23,179
23,180
23,181
23,182
23,183
23,184
23,185
23,186
23,187
24,97
24,98
24,99
24,100
24,173
24,174
24,175
24,176
24,177
24,178
24,179
24,180
24,181
24,182
24,183
24,184
24,185
24,186
24,187
25,97
25,98
25,99
25,100
25,173
25,174
25,175
25,176
25,177
25,178
25,179
25,180
25,181
25,182
25,183
25,184
25,185
25,186
25,187
26,97
26,98
26,99
26,100
26,173
26,174
26,175
26,176
26,177
26,178
26,179
26,180
26,181
26,182
26,183
26,184
26,185
26,186
26,187
27,97
27,98
27,99
27,100
27,173
27,174
27,175
27,176
27,177
27,178
27,179
27,180
27,181
27,182
27,183
27,184
27,185
27,186
27,187
28,97
28,98
28,99
28,100
28,173
28,174
28,175
28,176
28,177
28,178
28,179
28,180
28,181
28,182
28,183
28,184
28,185
28,186
28,187
29,97
29,98
29,99
29,100
29,173
29,174
29,175
29,176
29,177
29,178
29,179
29,180
29,181
29,182
29,183
29,184
29,185
29,186
29,187
30,97
30,98
30,99
30,100
30,173
30,174
30,175
30,176
30,177
30,178
30,179
30,180
30,181
30,182
30,183
30,184
30,185
30,186
30,187
31,97
31,98
31,99
31,100
31,173
31,174
31,175
31,176
31,177
31,178
31,179
31,180
31,181
31,182
31,183
31,184
31,185
31,186
31,187
32,97
32,98
32,99
32,100
32,173
32,174
32,175
32,176
32,177
32,178
32,179
32,180
32,181
32,182
32,183
32,184
32,185
32,186
32,187
33,97
33,98
33,99
33,100
33,173
33,174
33,175
33,176
33,177
33,178
33,179
33,180
33,181
33,182
33,183
33,184
33,185
33,186
33,187
34,97
34,98
34,99
34,100
34,173
34,174
34,175
34,176
34,177
34,178
34,179
34,180
34,181
34,182
34,183
34,184
34,185
34,186
34,187
35,97
35,98
35,99
35,100
35,173
35,174
35,175
35,176
35,177
35,178
35,179
35,180
35,181
35,182
35,183
35,184
35,185
35,186
35,187
36,97
36,98
36,99
36,100
36,173
36,174
36,175
36,176
36,177
36,178
36,179
36,180
36,181
36,182
36,183
36,184
36,185
36,186
36,187
37,97
37,98
37,99
37,100
37,173
37,174
37,175
37,176
37,177
37,178
37,179
37,180
37,181
37,182
37,183
37,184
37,185
37,186
37,187
38,97
38,98
38,99
38,100
38,173
38,174
38,175
38,176
38,177
38,178
38,179
38,180
38,181
38,182
38,183
38,184
38,185
38,186
38,187
39,97
39,98
39,99
39,100
39,173
39,174
39,175
39,176
39,177
39,178
39,179
39,180
39,181
39,182
39,183
39,184
39,185
39,186
39,187
40,97
40,98
40,99
40,100
40,173
40,174
40,175
40,176
40,177
40,178
40,179
40,180
40,181
40,182
40,183
40,184
40,185
40,186
40,187
41,97
41,98
41,99
41,100
41,173
41,174
41,175
41,176
41,177
41,178
41,179
41,180
41,181
41,182
41,183
41,184
41,185
41,186
41,187
42,97
42,98
42,99
42,100
42,173
42,174
42,175
42,176
42,177
42,178
42,179
42,180
42,181
42,182
42,183
42,184
42,185
42,186
42,187
43,97
43,98
43,99
43,100
43,173
43,174
43,175
43,176
43,177
43,178
43,179
43,180
43,181
43,182
43,183
43,184
43,185
43,186
43,187
44,97
44,98
44,99
44,100
44,173
44,174
44,175
44,176
44,177
44,178
44,179
44,180
44,181
44,182
44,183
44,184
44,185
44,186
44,187
45,97
45,98
45,99
45,100
45,173
45,174
45,175
45,176
45,177
45,178
45,179
45,180
45,181
45,182
45,183
45,184
45,185
45,186
45,187
46,97
46,98
46,99
46,100
46,173
46,174
46,175
46,176
46,177
46,178
46,179
46,180
46,181
46,182
46,183
46,184
46,185
46,186
46,187
47,97
47,98
47,99
47,100
47,173
47,174
47,175
47,176
47,177
47,178
47,179
47,180
47,181
47,182
47,183
47,184
47,185
47,186
47,187
48,97
48,98
48,99
48,100
48,173
48,174
48,175
48,176
48,177
48,178
48,179
48,180
48,181
48,182
48,183
48,184
48,185
48,186
48,187
49,97
49,98
49,99
49,100
49,173
49,174
49,175
49,176
49,177
49,178
49,179
49,180
49,181
49,182
49,183
49,184
49,185
49,186
49,187
50,97
50,98
50,99
50,100
50,173
50,174
50,175
50,176
50,177
50,178
50,179
50,180
50,181
50,182
50,183
50,184
50,185
50,186
50,187
51,97
51,98
51,99
51,100
51,173
51,174
51,175
51,176
51,177
51,178
51,179
51,180
51,181
51,182
51,183
51,184
51,185
51,186
51,187
52,97
52,98
52,99
52,100
52,173
52,174
52,175
52,176
52,177
52,178
52,179
52,180
52,181
52,182
52,183
52,184
52,185
52,186
52,187
53,97
53,98
53,99
53,100
53,173
53,174
53,175
53,176
53,177
53,178
53,179
53,180
53,181
53,182
53,183
53,184
53,185
53,186
53,187
54,97
54,98
54,99
54,100
54,173
54,174
54,175
54,176
54,177
54,178
54,179
54,180
54,181
54,182
54,183
54,184
54,185
54,186
54,187
55,97
55,98
55,99
55,100
55,173
55,174
55,175
55,176
55,177
55,178
55,179
55,180
55,181
55,182
55,183
55,184
55,185
55,186
55,187
56,97
56,98
56,99
56,100
56,173
56,174
56,175
56,176
56,177
56,178
56,179
56,180
56,181
56,182
56,183
56,184
56,185
56,186
56,187
57,97
57,98
57,99
57,100
57,173
57,174
57,175
57,176
57,177
57,178
57,179
57,180
57,181
57,182
57,183
57,184
57,185
57,186
57,187
58,97
58,98
58,99
58,100
58,173
58,174
58,175
58,176
58,177
58,178
58,179
58,180
58,181
58,182
58,183
58,184
58,185
58,186
58,187
59,97
59,98
59,99
59,100
59,173
59,174
59,175
59,176
59,177
59,178
59,179
59,180
59,181
59,182
59,183
59,184
59,185
59,186
59,187
60,97
60,98
60,99
60,100
60,173
60,174
60,175
60,176
60,177
60,178
60,179
60,180
60,181
60,182
60,183
60,184
60,185
60,186
60,187
61,97
61,98
61,99
61,100
61,173
61,174
61,175
61,176
61,177
61,178
61,179
61,180
61,181
61,182
61,183
61,184
61,185
61,186
61,187
62,97
62,98
62,99
62,100
62,173
62,174
62,175
62,176
62,177
62,178
62,179
62,180
62,181
62,182
62,183
62,184
62,185
62,186
62,187
63,97
63,98
63,99
63,100
63,173
63,174
63,175
63,176
63,177
63,178
63,179
63,180
63,181
63,182
63,183
63,184
63,185
63,186
63,187
64,97
64,98
64,99
64,100
64,173
64,174
64,175
64,176
64,177
64,178
64,179
64,180
64,181
64,182
64,183
64,184
64,185
64,186
64,187
65,97
65,98
65,99
65,100
65,173
65,174
65,175
65,176
65,177
65,178
65,179
65,180
65,181
65,182
65,183
65,184
65,185
65,186
65,187
66,97
66,98
66,99
66,100
66,173
66,174
66,175
66,176
66,177
66,178
66,179
66,180
66,181
66,182
66,183
66,184
66,185
66,186
66,187
67,97
67,98
67,99
67,100
67,173
67,174
67,175
67,176
67,177
67,178
67,179
67,180
67,181
67,182
67,183
67,184
67,185
67,186
67,187
68,97
68,98
68,99
68,100
68,173
68,174
68,175
68,176
68,177
68,178
68,179
68,180
68,181
68,182
68,183
68,184
68,185
68,186
68,187
69,97
69,98
69,99
69,100
69,173
69,174
69,175
69,176
69,177
69,178
69,179
69,180
69,181
69,182
69,183
69,184
69,185
69,186
69,187
70,97
70,98
70,99
70,100
70,173
70,174
70,175
70,176
70,177
70,178
70,179
70,180
70,181
70,182
70,183
70,184
70,185
70,186
70,187
71,97
71,98
71,99
71,100
71,173
71,174
71,175
71,176
71,177
71,178
71,179
71,180
71,181
71,182
71,183
71,184
71,185
71,186
71,187
72,0
72,1
72,2
72,3
72,4
72,5
72,6
72,7
72,8
72,9
72,10
72,11
72,12
72,13
72,14
72,15
72,16
72,17
72,18
72,19
72,20
72,21
72,22
72,23
72,24
72,25
72,26
72,27
72,28
72,29
72,30
72,31
72,32
72,33
72,34
72,35
72,36
72,37
72,38
72,39
72,40
72,41
72,42
72,43
72,44
72,45
72,46
72,47
72,48
72,49
72,50
72,51
72,52
72,53
72,54
72,55
72,56
72,57
72,58
72,59
72,60
72,61
72,62
72,63
72,64
72,65
72,66
72,67
72,68
72,69
72,70
72,71
72,72
72,73
72,74
72,75
72,76
72,77
72,78
72,79
72,80
72,81
72,82
72,83
72,84
72,85
72,86
72,87
72,88
72,89
72,90
72,91
72,92
72,93
72,94
72,95
72,96
72,97
72,98
72,99
72,100
72,101
72,102
72,103
72,104
72,105
72,106
72,107
72,108
72,109
72,110
72,111
72,112
72,113
72,114
72,115
72,116
72,117
72,118
72,119
72,120
72,121
72,122
72,123
72,124
72,125
72,126
72,127
72,128
72,129
72,130
72,131
72,132
72,133
72,134
72,135
72,136
72,137
72,138
72,139
72,140
72,141
72,142
72,143
72,144
72,145
72,146
72,147
72,148
72,149
72,150
72,151
72,152
72,153
72,154
72,155
72,156
72,157
72,158
72,159
72,160
72,161
72,162
72,163
72,164
72,165
72,166
72,167
72,168
72,169
72,170
72,171
72,172
72,173
72,174
72,175
72,176
72,177
72,178
72,179
72,180
72,181
72,182
72,183
72,184
72,185
72,186
72,187
73,0
73,1
73,2
73,3
73,4
73,5
73,6
73,7
73,8
73,9
73,10
73,11
73,12
73,13
73,14
73,15
73,16
73,17
73,18
73,19
73,20
73,21
73,22
73,23
73,24
73,25
73,26
73,27
73,28
73,29
73,30
73,31
73,32
73,33
73,34
73,35
73,36
73,37
73,38
73,39
73,40
73,41
73,42
73,43
73,44
73,45
73,46
73,47
73,48
73,49
73,50
73,51
73,52
73,53
73,54
73,55
73,56
73,57
73,58
73,59
73,60
73,61
73,62
73,63
73,64
73,65
73,66
73,67
73,68
73,69
73,70
73,71
73,72
73,73
73,74
73,75
73,76
73,77
73,78
73,79
73,80
73,81
73,82
73,83
73,84
73,85
73,86
73,87
73,88
73,89
73,90
73,91
73,92
73,93
73,94
73,95
73,96
73,97
73,98
73,99
73,100
73,101
73,102
73,103
73,104
73,105
73,106
73,107
73,108
73,109
73,110
73,111
73,112
73,113
73,114
73,115
73,116
73,117
73,118
73,119
73,120
73,121
73,122
73,123
73,124
73,125
73,126
73,127
73,128
73,129
73,130
73,131
73,132
73,133
73,134
73,135
73,136
73,137
73,138
73,139
73,140
73,141
73,142
73,143
73,144
73,145
73,146
73,147
73,148
73,149
73,150
73,151
73,152
73,153
73,154
73,155
73,156
73,157
73,158
73,159
73,160
73,161
73,162
73,163
73,164
73,165
73,166
73,167
73,168
73,169
73,170
73,171
73,172
73,173
73,174
73,175
73,176
73,177
73,178
73,179
73,180
73,181
73,182
73,183
73,184
73,185
73,186
73,187
74,0
74,1
74,2
74,3
74,4
74,5
74,6
74,7
74,8
74,9
74,10
74,11
74,12
74,13
74,14
74,15
74,16
74,17
74,18
74,19
74,20
74,21
74,22
74,23
74,24
74,25
74,26
74,27
74,28
74,29
74,30
74,31
74,32
74,33
74,34
74,35
74,36
74,37
74,38
74,39
74,40
74,41
74,42
74,43
74,44
74,45
74,46
74,47
74,48
74,49
74,50
74,51
74,52
74,53
74,54
74,55
74,56
74,57
74,58
74,59
74,60
74,61
74,62
74,63
74,64
74,65
74,66
74,67
74,68
74,69
74,70
74,71
74,72
74,73
74,74
74,75
74,76
74,77
74,78
74,79
74,80
74,81
74,82
74,83
74,84
74,85
74,86
74,87
74,88
74,89
74,90
74,91
74,92
74,93
74,94
74,95
74,96
74,97
74,98
74,99
74,100
74,101
74,102
74,103
74,104
74,105
74,106
74,107
74,108
74,109
74,110
74,111
74,112
74,113
74,114
74,115
74,116
74,117
74,118
74,119
74,120
74,121
74,122
74,123
74,124
74,125
74,126
74,127
74,128
74,129
74,130
74,131
74,132
74,133
74,134
74,135
74,136
74,137
74,138
74,139
74,140
74,141
74,142
74,143
74,144
74,145
74,146
74,147
74,148
74,149
74,150
74,151
74,152
74,153
74,154
74,155
74,156
74,157
74,158
74,159
74,160
74,161
74,162
74,163
74,164
74,165
74,166
74,167
74,168
74,169
74,170
74,171
74,172
74,173
74,174
74,175
74,176
74,177
74,178
74,179
74,180
74,181
74,182
74,183
74,184
74,185
74,186
74,187
75,0
75,1
75,2
75,3
75,4
75,5
75,6
75,7
75,8
75,9
75,10
75,11
75,12
75,13
75,14
75,15
75,16
75,17
75,18
75,19
75,20
75,21
75,22
75,23
75,24
75,25
75,26
75,27
75,28
75,29
75,30
75,31
75,32
75,33
75,34
75,35
75,36
75,37
75,38
75,39
75,40
75,41
75,42
75,43
75,44
75,45
75,46
75,47
75,48
75,49
75,50
75,51
75,52
75,53
75,54
75,55
75,56
75,57
75,58
75,59
75,60
75,61
75,62
75,63
75,64
75,65
75,66
75,67
75,68
75,69
75,70
75,71
75,72
75,73
75,74
75,75
75,76
75,77
75,78
75,79
75,80
75,81
75,82
75,83
75,84
75,85
75,86
75,87
75,88
75,89
75,90
75,91
75,92
75,93
75,94
75,95
75,96
75,97
75,98
75,99
75,100
75,101
75,102
75,103
75,104
75,105
75,106
75,107
75,108
75,109
75,110
75,111
75,112
75,113
75,114
75,115
75,116
75,117
75,118
75,119
75,120
75,121
75,122
75,123
75,124
75,125
75,126
75,127
75,128
75,129
75,130
75,131
75,132
75,133
75,134
75,135
75,136
75,137
75,138
75,139
75,140
75,141
75,142
75,143
75,144
75,145
75,146
75,147
75,148
75,149
75,150
75,151
75,152
75,153
75,154
75,155
75,156
75,157
75,158
75,159
75,160
75,161
75,162
75,163
75,164
75,165
75,166
75,167
75,168
75,169
75,170
75,171
75,172
75,173
75,174
75,175
75,176
75,177
75,178
75,179
75,180
75,181
75,182
75,183
75,184
75,185
75,186
75,187
76,97
76,98
76,99
76,100
76,173
76,174
76,175
76,176
76,177
76,178
76,179
76,180
76,181
76,182
76,183
76,184
76,185
76,186
76,187
77,97
77,98
77,99
77,100
77,173
77,174
77,175
77,176
77,177
77,178
77,179
77,180
77,181
77,182
77,183
77,184
77,185
77,186
77,187
78,97
78,98
78,99
78,100
78,173
78,174
78,175
78,176
78,177
78,178
78,179
78,180
78,181
78,182
78,183
78,184
78,185
78,186
78,187
79,97
79,98
79,99
79,100
79,173
79,174
79,175
79,176
79,177
79,178
79,179
79,180
79,181
79,182
79,183
79,184
79,185
79,186
79,187
80,97
80,98
80,99
80,100
80,173
80,174
80,175
80,176
80,177
80,178
80,179
80,180
80,181
80,182
80,183
80,184
80,185
80,186
80,187
81,97
81,98
81,99
81,100
81,173
81,174
81,175
81,176
81,177
81,178
81,179
81,180
81,181
81,182
81,183
81,184
81,185
81,186
81,187
82,97
82,98
82,99
82,100
82,173
82,174
82,175
82,176
82,177
82,178
82,179
82,180
82,181
82,182
82,183
82,184
82,185
82,186
82,187
83,97
83,98
83,99
83,100
83,173
83,174
83,175
83,176
83,177
83,178
83,179
83,180
83,181
83,182
83,183
83,184
83,185
83,186
83,187
84,97
84,98
84,99
84,100
84,173
84,174
84,175
84,176
84,177
84,178
84,179
84,180
84,181
84,182
84,183
84,184
84,185
84,186
84,187
85,97
85,98
85,99
85,100
85,173
85,174
85,175
85,176
85,177
85,178
85,179
85,180
85,181
85,182
85,183
85,184
85,185
85,186
85,187
86,97
86,98
86,99
86,100
86,173
86,174
86,175
86,176
86,177
86,178
86,179
86,180
86,181
86,182
86,183
86,184
86,185
86,186
86,187
87,97
87,98
87,99
87,100
87,173
87,174
87,175
87,176
87,177
87,178
87,179
87,180
87,181
87,182
87,183
87,184
87,185
87,186
87,187
88,97
88,98
88,99
88,100
88,173
88,174
88,175
88,176
88,177
88,178
88,179
88,180
88,181
88,182
88,183
88,184
88,185
88,186
88,187
89,97
89,98
89,99
89,100
89,173
89,174
89,175
89,176
89,177
89,178
89,179
89,180
89,181
89,182
89,183
89,184
89,185
89,186
89,187
90,97
90,98
90,99
90,100
90,173
90,174
90,175
90,176
90,177
90,178
90,179
90,180
90,181
90,182
90,183
90,184
90,185
90,186
90,187
91,97
91,98
91,99
91,100
91,173
91,174
91,175
91,176
91,177
91,178
91,179
91,180
91,181
91,182
91,183
91,184
91,185
91,186
91,187
92,97
92,98
92,99
92,100
92,173
92,174
92,175
92,176
92,177
92,178
92,179
92,180
92,181
92,182
92,183
92,184
92,185
92,186
92,187
93,97
93,98
93,99
93,100
93,173
93,174
93,175
93,176
93,177
93,178
93,179
93,180
93,181
93,182
93,183
93,184
93,185
93,186
93,187
94,97
94,98
94,99
94,100
94,173
94,174
94,175
94,176
94,177
94,178
94,179
94,180
94,181
94,182
94,183
94,184
94,185
94,186
94,187
95,97
95,98
95,99
95,100
95,173
95,174
95,175
95,176
95,177
95,178
95,179
95,180
95,181
95,182
95,183
95,184
95,185
95,186
95,187
96,97
96,98
96,99
96,100
96,173
96,174
96,175
96,176
96,177
96,178
96,179
96,180
96,181
96,182
96,183
96,184
96,185
96,186
96,187
97,97
97,98
97,99
97,100
97,173
97,174
97,175
97,176
97,177
97,178
97,179
97,180
97,181
97,182
97,183
97,184
97,185
97,186
97,187
98,97
98,98
98,99
98,100
98,173
98,174
98,175
98,176
98,177
98,178
98,179
98,180
98,181
98,182
98,183
98,184
98,185
98,186
98,187
99,97
99,98
99,99
99,100
99,173
99,174
99,175
99,176
99,177
99,178
99,179
99,180
99,181
99,182
99,183
99,184
99,185
99,186
99,187
100,97
100,98
100,99
100,100
100,173
100,174
100,175
100,176
100,177
100,178
100,179
100,180
100,181
100,182
100,183
100,184
100,185
100,186
100,187
101,97
101,98
101,99
101,100
101,173
101,174
101,175
101,176
101,177
101,178
101,179
101,180
101,181
101,182
101,183
101,184
101,185
101,186
101,187
102,97
102,98
102,99
102,100
102,173
102,174
102,175
102,176
102,177
102,178
102,179
102,180
102,181
102,182
102,183
102,184
102,185
102,186
102,187
103,97
103,98
103,99
103,100
103,173
103,174
103,175
103,176
103,177
103,178
103,179
103,180
103,181
103,182
103,183
103,184
103,185
103,186
103,187
104,97
104,98
104,99
104,100
104,173
104,174
104,175
104,176
104,177
104,178
104,179
104,180
104,181
104,182
104,183
104,184
104,185
104,186
104,187
105,97
105,98
105,99
105,100
105,173
105,174
105,175
105,176
105,177
105,178
105,179
105,180
105,181
105,182
105,183
105,184
105,185
105,186
105,187
106,97
106,98
106,99
106,100
106,173
106,174
106,175
106,176
106,177
106,178
106,179
106,180
106,181
106,182
106,183
106,184
106,185
106,186
106,187
107,97
107,98
107,99
107,100
107,173
107,174
107,175
107,176
107,177
107,178
107,179
107,180
107,181
107,182
107,183
107,184
107,185
107,186
107,187
108,97
108,98
108,99
108,100
108,173
108,174
108,175
108,176
108,177
108,178
108,179
108,180
108,181
108,182
108,183
108,184
108,185
108,186
108,187
109,97
109,98
109,99
109,100
109,173
109,174
109,175
109,176
109,177
109,178
109,179
109,180
109,181
109,182
109,183
109,184
109,185
109,186
109,187
110,97
110,98
110,99
110,100
110,173
110,174
110,175
110,176
110,177
110,178
110,179
110,180
110,181
110,182
110,183
110,184
110,185
110,186
110,187
111,97
111,98
111,99
111,100
111,173
111,174
111,175
111,176
111,177
111,178
111,179
111,180
111,181
111,182
111,183
111,184
111,185
111,186
111,187
112,97
112,98
112,99
112,100
112,173
112,174
112,175
112,176
112,177
112,178
112,179
112,180
112,181
112,182
112,183
112,184
112,185
112,186
112,187
113,97
113,98
113,99
113,100
113,173
113,174
113,175
113,176
113,177
113,178
113,179
113,180
113,181
113,182
113,183
113,184
113,185
113,186
113,187
114,97
114,98
114,99
114,100
114,173
114,174
114,175
114,176
114,177
114,178
114,179
114,180
114,181
114,182
114,183
114,184
114,185
114,186
114,187
115,97
115,98
115,99
115,100
115,173
115,174
115,175
115,176
115,177
115,178
115,179
115,180
115,181
115,182
115,183
115,184
115,185
115,186
115,187
116,97
116,98
116,99
116,100
116,173
116,174
116,175
116,176
116,177
116,178
116,179
116,180
116,181
116,182
116,183
116,184
116,185
116,186
116,187
117,97
117,98
117,99
117,100
117,173
117,174
117,175
117,176
117,177
117,178
117,179
117,180
117,181
117,182
117,183
117,184
117,185
117,186
117,187
118,97
118,98
118,99
118,100
118,173
118,174
118,175
118,176
118,177
118,178
118,179
118,180
118,181
118,182
118,183
118,184
118,185
118,186
118,187
119,97
119,98
119,99
119,100
119,173
119,174
119,175
119,176
119,177
119,178
119,179
119,180
119,181
119,182
119,183
119,184
119,185
119,186
119,187
120,97
120,98
120,99
120,100
120,173
120,174
120,175
120,176
120,177
120,178
120,179
120,180
120,181
120,182
120,183
120,184
120,185
120,186
120,187
121,97
121,98
121,99
121,100
121,173
121,174
121,175
121,176
121,177
121,178
121,179
121,180
121,181
121,182
121,183
121,184
121,185
121,186
121,187
122,97
122,98
122,99
122,100
122,173
122,174
122,175
122,176
122,177
122,178
122,179
122,180
122,181
122,182
122,183
122,184
122,185
122,186
122,187
123,97
123,98
123,99
123,100
123,173
123,174
123,175
123,176
123,177
123,178
123,179
123,180
123,181
123,182
123,183
123,184
123,185
123,186
123,187
124,97
124,98
124,99
124,100
124,173
124,174
124,175
124,176
124,177
124,178
124,179
124,180
124,181
124,182
124,183
124,184
124,185
124,186
124,187
125,97
125,98
125,99
125,100
125,173
125,174
125,175
125,176
125,177
125,178
125,179
125,180
125,181
125,182
125,183
125,184
125,185
125,186
125,187
126,97
126,98
126,99
126,100
126,173
126,174
126,175
126,176
126,177
126,178
126,179
126,180
126,181
126,182
126,183
126,184
126,185
126,186
126,187
127,97
127,98
127,99
127,100
127,173
127,174
127,175
127,176
127,177
127,178
127,179
127,180
127,181
127,182
127,183
127,184
127,185
127,186
127,187
128,97
128,98
128,99
128,100
128,173
128,174
128,175
128,176
128,177
128,178
128,179
128,180
128,181
128,182
128,183
128,184
128,185
128,186
128,187
129,97
129,98
129,99
129,100
129,173
129,174
129,175
129,176
129,177
129,178
129,179
129,180
129,181
129,182
129,183
129,184
129,185
129,186
129,187
130,97
130,98
130,99
130,100
130,173
130,174
130,175
130,176
130,177
130,178
130,179
130,180
130,181
130,182
130,183
130,184
130,185
130,186
130,187
131,97
131,98
131,99
131,100
131,173
131,174
131,175
131,176
131,177
131,178
131,179
131,180
131,181
131,182
131,183
131,184
131,185
131,186
131,187
132,97
132,98
132,99
132,100
132,173
132,174
132,175
132,176
132,177
132,178
132,179
132,180
132,181
132,182
132,183
132,184
132,185
132,186
132,187
133,97
133,98
133,99
133,100
133,173
133,174
133,175
133,176
133,177
133,178
133,179
133,180
133,181
133,182
133,183
133,184
133,185
133,186
133,187
134,97
134,98
134,99
134,100
134,173
134,174
134,175
134,176
134,177
134,178
134,179
134,180
134,181
134,182
134,183
134,184
134,185
134,186
134,187
135,97
135,98
135,99
135,100
135,173
135,174
135,175
135,176
135,177
135,178
135,179
135,180
135,181
135,182
135,183
135,184
135,185
135,186
135,187
136,97
136,98
136,99
136,100
136,173
136,174
136,175
136,176
136,177
136,178
136,179
136,180
136,181
136,182
136,183
136,184
136,185
136,186
136,187
137,97
137,98
137,99
137,100
137,173
137,174
137,175
137,176
137,177
137,178
137,179
137,180
137,181
137,182
137,183
137,184
137,185
137,186
137,187
138,97
138,98
138,99
138,100
138,173
138,174
138,175
138,176
138,177
138,178
138,179
138,180
138,181
138,182
138,183
138,184
138,185
138,186
138,187
139,97
139,98
139,99
139,100
139,173
139,174
139,175
139,176
139,177
139,178
139,179
139,180
139,181
139,182
139,183
139,184
139,185
139,186
139,187
140,97
140,98
140,99
140,100
140,173
140,174
140,175
140,176
140,177
140,178
140,179
140,180
140,181
140,182
140,183
140,184
140,185
140,186
140,187
141,97
141,98
141,99
141,100
141,173
141,174
141,175
141,176
141,177
141,178
141,179
141,180
141,181
141,182
141,183
141,184
141,185
141,186
141,187
142,97
142,98
142,99
142,100
142,173
142,174
142,175
142,176
142,177
142,178
142,179
142,180
142,181
142,182
142,183
142,184
142,185
142,186
142,187
143,97
143,98
143,99
143,100
143,173
143,174
143,175
143,176
143,177
143,178
143,179
143,180
143,181
143,182
143,183
143,184
143,185
143,186
143,187
144,97
144,98
144,99
144,100
144,173
144,174
144,175
144,176
144,177
144,178
144,179
144,180
144,181
144,182
144,183
144,184
144,185
144,186
144,187
145,97
145,98
145,99
145,100
145,173
145,174
145,175
145,176
145,177
145,178
145,179
145,180
145,181
145,182
145,183
145,184
145,185
145,186
145,187
146,97
146,98
146,99
146,100
146,173
146,174
146,175
146,176
146,177
146,178
146,179
146,180
146,181
146,182
146,183
146,184
146,185
146,186
146,187
147,97
147,98
147,99
147,100
147,173
147,174
147,175
147,176
147,177
147,178
147,179
147,180
147,181
147,182
147,183
147,184
147,185
147,186
147,187
148,0
148,1
148,2
148,3
148,4
148,5
148,6
148,7
148,8
148,9
148,10
148,11
148,12
148,13
148,14
148,15
148,16
148,17
148,18
148,19
148,20
148,21
148,22
148,23
148,24
148,25
148,26
148,27
148,28
148,29
148,30
148,31
148,32
148,33
148,34
148,35
148,36
148,37
148,38
148,39
148,40
148,41
148,42
148,43
148,44
148,45
148,46
148,47
148,48
148,49
148,50
148,51
148,52
148,53
148,54
148,55
148,56
148,57
148,58
148,59
148,60
148,61
148,62
148,63
148,64
148,65
148,66
148,67
148,68
148,69
148,70
148,71
148,72
148,73
148,74
148,75
148,76
148,77
148,78
148,79
148,80
148,81
148,82
148,83
148,84
148,85
148,86
148,87
148,88
148,89
148,90
148,91
148,92
148,93
148,94
148,95
148,96
148,97
148,98
148,99
148,100
148,101
148,102
148,103
148,104
148,105
148,106
148,107
148,108
148,109
148,110
148,111
148,112
148,113
148,114
148,115
148,116
148,117
148,118
148,119
148,120
148,121
148,122
148,123
148,124
148,125
148,126
148,127
148,128
148,129
148,130
148,131
148,132
148,133
148,134
148,135
148,136
148,137
148,138
148,139
148,140
148,141
148,142
148,143
148,144
148,145
148,146
148,147
148,148
148,149
148,150
148,151
148,152
148,153
148,154
148,155
148,156
148,157
148,158
148,159
148,160
148,161
148,162
148,163
148,164
148,165
148,166
148,167
148,168
148,169
148,170
148,171
148,172
148,173
148,174
148,175
148,176
148,177
148,178
148,179
148,180
148,181
148,182
148,183
148,184
148,185
148,186
148,187
148,188
148,189
148,190
148,191
148,192
148,193
148,194
148,195
148,196
148,197
148,198
148,199
148,200
148,201
148,202
148,203
148,204
148,205
148,206
148,207
148,208
148,209
148,210
148,211
148,212
148,213
148,214
148,215
148,216
148,217
148,218
148,219
148,220
148,221
148,222
148,223
148,224
148,225
148,226
148,227
148,228
148,229
148,230
148,231
148,232
148,233
148,234
148,235
148,236
148,237
148,238
148,239
148,240
148,241
148,242
148,243
148,244
148,245
148,246
148,247
148,248
148,249
149,0
149,1
149,2
149,3
149,4
149,5
149,6
149,7
149,8
149,9
149,10
149,11
149,12
149,13
149,14
149,15
149,16
149,17
149,18
149,19
149,20
149,21
149,22
149,23
149,24
149,25
149,26
149,27
149,28
149,29
149,30
149,31
149,32
149,33
149,34
149,35
149,36
149,37
149,38
149,39
149,40
149,41
149,42
149,43
149,44
149,45
149,46
149,47
149,48
149,49
149,50
149,51
149,52
149,53
149,54
149,55
149,56
149,57
149,58
149,59
149,60
149,61
149,62
149,63
149,64
149,65
149,66
149,67
149,68
149,69
149,70
149,71
149,72
149,73
149,74
149,75
149,76
149,77
149,78
149,79
149,80
149,81
149,82
149,83
149,84
149,85
149,86
149,87
149,88
149,89
149,90
149,91
149,92
149,93
149,94
149,95
149,96
149,97
149,98
149,99
149,100
149,101
149,102
149,103
149,104
149,105
149,106
149,107
149,108
149,109
149,110
149,111
149,112
149,113
149,114
149,115
149,116
149,117
149,118
149,119
149,120
149,121
149,122
149,123
149,124
149,125
149,126
149,127
149,128
149,129
149,130
149,131
149,132
149,133
149,134
149,135
149,136
149,137
149,138
149,139
149,140
149,141
149,142
149,143
149,144
149,145
149,146
149,147
149,148
149,149
149,150
149,151
149,152
149,153
149,154
149,155
149,156
149,157
149,158
149,159
149,160
149,161
149,162
149,163
149,164
149,165
149,166
149,167
149,168
149,169
149,170
149,171
149,172
149,173
149,174
149,175
149,176
149,177
149,178
149,179
149,180
149,181
149,182
149,183
149,184
149,185
149,186
149,187
149,188
149,189
149,190
149,191
149,192
149,193
149,194
149,195
149,196
149,197
149,198
149,199
149,200
149,201
149,202
149,203
149,204
149,205
149,206
149,207
149,208
149,209
149,210
149,211
149,212
149,213
149,214
149,215
149,216
149,217
149,218
149,219
149,220
149,221
149,222
149,223
149,224
149,225
149,226
149,227
149,228
149,229
149,230
149,231
149,232
149,233
149,234
149,235
149,236
149,237
149,238
149,239
149,240
149,241
149,242
149,243
149,244
149,245
149,246
149,247
149,248
149,249
150,0
150,1
150,2
150,3
150,4
150,5
150,6
150,7
150,8
150,9
150,10
150,11
150,12
150,13
150,14
150,15
150,16
150,17
150,18
150,19
150,20
150,21
150,22
150,23
150,24
150,25
150,26
150,27
150,28
150,29
150,30
150,31
150,32
150,33
150,34
150,35
150,36
150,37
150,38
150,39
150,40
150,41
150,42
150,43
150,44
150,45
150,46
150,47
150,48
150,49
150,50
150,51
150,52
150,53
150,54
150,55
150,56
150,57
150,58
150,59
150,60
150,61
150,62
150,63
150,64
150,65
150,66
150,67
150,68
150,69
150,70
150,71
150,72
150,73
150,74
150,75
150,76
150,77
150,78
150,79
150,80
150,81
150,82
150,83
150,84
150,85
150,86
150,87
150,88
150,89
150,90
150,91
150,92
150,93
150,94
150,95
150,96
150,97
150,98
150,99
150,100
150,101
150,102
150,103
150,104
150,105
150,106
150,107
150,108
150,109
150,110
150,111
150,112
150,113
150,114
150,115
150,116
150,117
150,118
150,119
150,120
150,121
150,122
150,123
150,124
150,125
150,126
150,127
150,128
150,129
150,130
150,131
150,132
150,133
150,134
150,135
150,136
150,137
150,138
150,139
150,140
150,141
150,142
150,143
150,144
150,145
150,146
150,147
150,148
150,149
150,150
150,151
150,152
150,153
150,154
150,155
150,156
150,157
150,158
150,159
150,160
150,161
150,162
150,163
150,164
150,165
150,166
150,167
150,168
150,169
150,170
150,171
150,172
150,173
150,174
150,175
150,176
150,177
150,178
150,179
150,180
150,181
150,182
150,183
150,184
150,185
150,186
150,187
150,188
150,189
150,190
150,191
150,192
150,193
150,194
150,195
150,196
150,197
150,198
150,199
150,200
150,201
150,202
150,203
150,204
150,205
150,206
150,207
150,208
150,209
150,210
150,211
150,212
150,213
150,214
150,215
150,216
150,217
150,218
150,219
150,220
150,221
150,222
150,223
150,224
150,225
150,226
150,227
150,228
150,229
150,230
150,231
150,232
150,233
150,234
150,235
150,236
150,237
150,238
150,239
150,240
150,241
150,242
150,243
150,244
150,245
150,246
150,247
150,248
150,249
151,0
151,1
151,2
151,3
151,4
151,5
151,6
151,7
151,8
151,9
151,10
151,11
151,12
151,13
151,14
151,15
151,16
151,17
151,18
151,19
151,20
151,21
151,22
151,23
151,24
151,25
151,26
151,27
151,28
151,29
151,30
151,31
151,32
151,33
151,34
151,35
151,36
151,37
151,38
151,39
151,40
151,41
151,42
151,43
151,44
151,45
151,46
151,47
151,48
151,49
151,50
151,51
151,52
151,53
151,54
151,55
151,56
151,57
151,58
151,59
151,60
151,61
151,62
151,63
151,64
151,65
151,66
151,67
151,68
151,69
151,70
151,71
151,72
151,73
151,74
151,75
151,76
151,77
151,78
151,79
151,80
151,81
151,82
151,83
151,84
151,85
151,86
151,87
151,88
151,89
151,90
151,91
151,92
151,93
151,94
151,95
151,96
151,97
151,98
151,99
151,100
151,101
151,102
151,103
151,104
151,105
151,106
151,107
151,108
151,109
151,110
151,111
151,112
151,113
151,114
151,115
151,116
151,117
151,118
151,119
151,120
151,121
151,122
151,123
151,124
151,125
151,126
151,127
151,128
151,129
151,130
151,131
151,132
151,133
151,134
151,135
151,136
151,137
151,138
151,139
151,140
151,141
151,142
151,143
151,144
151,145
151,146
151,147
151,148
151,149
151,150
151,151
151,152
151,153
151,154
151,155
151,156
151,157
151,158
151,159
151,160
151,161
151,162
151,163
151,164
151,165
151,166
151,167
151,168
151,169
151,170
151,171
151,172
151,173
151,174
151,175
151,176
151,177
151,178
151,179
151,180
151,181
151,182
151,183
151,184
151,185
151,186
151,187
151,188
151,189
151,190
151,191
151,192
151,193
151,194
151,195
151,196
151,197
151,198
151,199
151,200
151,201
151,202
151,203
151,204
151,205
151,206
151,207
151,208
151,209
151,210
151,211
151,212
151,213
151,214
151,215
151,216
151,217
151,218
151,219
151,220
151,221
151,222
151,223
151,224
151,225
151,226
151,227
151,228
151,229
151,230
151,231
151,232
151,233
151,234
151,235
151,236
151,237
151,238
151,239
151,240
151,241
151,242
151,243
151,244
151,245
151,246
151,247
151,248
151,249
152,0
152,1
152,2
152,3
152,4
152,5
152,6
152,7
152,8
152,9
152,10
152,11
152,12
152,13
152,14
152,15
152,16
152,17
152,18
152,19
152,20
152,21
152,22
152,23
152,24
152,25
152,26
152,27
152,28
152,29
152,30
152,31
152,32
152,33
152,34
152,35
152,36
152,37
152,38
152,39
152,40
152,41
152,42
152,43
152,44
152,45
152,46
152,47
152,48
152,49
152,50
152,51
152,52
152,53
152,54
152,55
152,56
152,57
152,58
152,59
152,60
152,61
152,62
152,63
152,64
152,65
152,66
152,67
152,68
152,69
152,70
152,71
152,72
152,73
152,74
152,75
152,76
152,77
152,78
152,79
152,80
152,81
152,82
152,83
152,84
152,85
152,86
152,87
152,88
152,89
152,90
152,91
152,92
152,93
152,94
152,95
152,96
152,97
152,98
152,99
152,100
152,101
152,102
152,103
152,104
152,105
152,106
152,107
152,108
152,109
152,110
152,111
152,112
152,113
152,114
152,115
152,116
152,117
152,118
152,119
152,120
152,121
152,122
152,123
152,124
152,125
152,126
152,127
152,128
152,129
152,130
152,131
152,132
152,133
152,134
152,135
152,136
152,137
152,138
152,139
152,140
152,141
152,142
152,143
152,144
152,145
152,146
152,147
152,148
152,149
152,150
152,151
152,152
152,153
152,154
152,155
152,156
152,157
152,158
152,159
152,160
152,161
152,162
152,163
152,164
152,165
152,166
152,167
152,168
152,169
152,170
152,171
152,172
152,173
152,174
152,175
152,176
152,177
152,178
152,179
152,180
152,181
152,182
152,183
152,184
152,185
152,186
152,187
152,188
152,189
152,190
152,191
152,192
152,193
152,194
152,195
152,196
152,197
152,198
152,199
152,200
152,201
152,202
152,203
152,204
152,205
152,206
152,207
152,208
152,209
152,210
152,211
152,212
152,213
152,214
152,215
152,216
152,217
152,218
152,219
152,220
152,221
152,222
152,223
152,224
152,225
152,226
152,227
152,228
152,229
152,230
152,231
152,232
152,233
152,234
152,235
152,236
152,237
152,238
152,239
152,240
152,241
152,242
152,243
152,244
152,245
152,246
152,247
152,248
152,249
153,0
153,1
153,2
153,3
153,4
153,5
153,6
153,7
153,8
153,9
153,10
153,11
153,12
153,13
153,14
153,15
153,16
153,17
153,18
153,19
153,20
153,21
153,22
153,23
153,24
153,25
153,26
153,27
153,28
153,29
153,30
153,31
153,32
153,33
153,34
153,35
153,36
153,37
153,38
153,39
153,40
153,41
153,42
153,43
153,44
153,45
153,46
153,47
153,48
153,49
153,50
153,51
153,52
153,53
153,54
153,55
153,56
153,57
153,58
153,59
153,60
153,61
153,62
153,63
153,64
153,65
153,66
153,67
153,68
153,69
153,70
153,71
153,72
153,73
153,74
153,75
153,76
153,77
153,78
153,79
153,80
153,81
153,82
153,83
153,84
153,85
153,86
153,87
153,88
153,89
153,90
153,91
153,92
153,93
153,94
153,95
153,96
153,97
153,98
153,99
153,100
153,101
153,102
153,103
153,104
153,105
153,106
153,107
153,108
153,109
153,110
153,111
153,112
153,113
153,114
153,115
153,116
153,117
153,118
153,119
153,120
153,121
153,122
153,123
153,124
153,125
153,126
153,127
153,128
153,129
153,130
153,131
153,132
153,133
153,134
153,135
153,136
153,137
153,138
153,139
153,140
153,141
153,142
153,143
153,144
153,145
153,146
153,147
153,148
153,149
153,150
153,151
153,152
153,153
153,154
153,155
153,156
153,157
153,158
153,159
153,160
153,161
153,162
153,163
153,164
153,165
153,166
153,167
153,168
153,169
153,170
153,171
153,172
153,173
153,174
153,175
153,176
153,177
153,178
153,179
153,180
153,181
153,182
153,183
153,184
153,185
153,186
153,187
153,188
153,189
153,190
153,191
153,192
153,193
153,194
153,195
153,196
153,197
153,198
153,199
153,200
153,201
153,202
153,203
153,204
153,205
153,206
153,207
153,208
153,209
153,210
153,211
153,212
153,213
153,214
153,215
153,216
153,217
153,218
153,219
153,220
153,221
153,222
153,223
153,224
153,225
153,226
153,227
153,228
153,229
153,230
153,231
153,232
153,233
153,234
153,235
153,236
153,237
153,238
153,239
153,240
153,241
153,242
153,243
153,244
153,245
153,246
153,247
153,248
153,249
154,0
154,1
154,2
154,3
154,4
154,5
154,6
154,7
154,8
154,9
154,10
154,11
154,12
154,13
154,14
154,15
154,16
154,17
154,18
154,19
154,20
154,21
154,22
154,23
154,24
154,25
154,26
154,27
154,28
154,29
154,30
154,31
154,32
154,33
154,34
154,35
154,36
154,37
154,38
154,39
154,40
154,41
154,42
154,43
154,44
154,45
154,46
154,47
154,48
154,49
154,50
154,51
154,52
154,53
154,54
154,55
154,56
154,57
154,58
154,59
154,60
154,61
154,62
154,63
154,64
154,65
154,66
154,67
154,68
154,69
154,70
154,71
154,72
154,73
154,74
154,75
154,76
154,77
154,78
154,79
154,80
154,81
154,82
154,83
154,84
154,85
154,86
154,87
154,88
154,89
154,90
154,91
154,92
154,93
154,94
154,95
154,96
154,97
154,98
154,99
154,100
154,101
154,102
154,103
154,104
154,105
154,106
154,107
154,108
154,109
154,110
154,111
154,112
154,113
154,114
154,115
154,116
154,117
154,118
154,119
154,120
154,121
154,122
154,123
154,124
154,125
154,126
154,127
154,128
154,129
154,130
154,131
154,132
154,133
154,134
154,135
154,136
154,137
154,138
154,139
154,140
154,141
154,142
154,143
154,144
154,145
154,146
154,147
154,148
154,149
154,150
154,151
154,152
154,153
154,154
154,155
154,156
154,157
154,158
154,159
154,160
154,161
154,162
154,163
154,164
154,165
154,166
154,167
154,168
154,169
154,170
154,171
154,172
154,173
154,174
154,175
154,176
154,177
154,178
154,179
154,180
154,181
154,182
154,183
154,184
154,185
154,186
154,187
154,188
154,189
154,190
154,191
154,192
154,193
154,194
154,195
154,196
154,197
154,198
154,199
154,200
154,201
154,202
154,203
154,204
154,205
154,206
154,207
154,208
154,209
154,210
154,211
154,212
154,213
154,214
154,215
154,216
154,217
154,218
154,219
154,220
154,221
154,222
154,223
154,224
154,225
154,226
154,227
154,228
154,229
154,230
154,231
154,232
154,233
154,234
154,235
154,236
154,237
154,238
154,239
154,240
154,241
154,242
154,243
154,244
154,245
154,246
154,247
154,248
154,249
155,0
155,1
155,2
155,3
155,4
155,5
155,6
155,7
155,8
155,9
155,10
155,11
155,12
155,13
155,14
155,15
155,16
155,17
155,18
155,19
155,20
155,21
155,22
155,23
155,24
155,25
155,26
155,27
155,28
155,29
155,30
155,31
155,32
155,33
155,34
155,35
155,36
155,37
155,38
155,39
155,40
155,41
155,42
155,43
155,44
155,45
155,46
155,47
155,48
155,49
155,50
155,51
155,52
155,53
155,54
155,55
155,56
155,57
155,58
155,59
155,60
155,61
155,62
155,63
155,64
155,65
155,66
155,67
155,68
155,69
155,70
155,71
155,72
155,73
155,74
155,75
155,76
155,77
155,78
155,79
155,80
155,81
155,82
155,83
155,84
155,85
155,86
155,87
155,88
155,89
155,90
155,91
155,92
155,93
155,94
155,95
155,96
155,97
155,98
155,99
155,100
155,101
155,102
155,103
155,104
155,105
155,106
155,107
155,108
155,109
155,110
155,111
155,112
155,113
155,114
155,115
155,116
155,117
155,118
155,119
155,120
155,121
155,122
155,123
155,124
155,125
155,126
155,127
155,128
155,129
155,130
155,131
155,132
155,133
155,134
155,135
155,136
155,137
155,138
155,139
155,140
155,141
155,142
155,143
155,144
155,145
155,146
155,147
155,148
155,149
155,150
155,151
155,152
155,153
155,154
155,155
155,156
155,157
155,158
155,159
155,160
155,161
155,162
155,163
155,164
155,165
155,166
155,167
155,168
155,169
155,170
155,171
155,172
155,173
155,174
155,175
155,176
155,177
155,178
155,179
155,180
155,181
155,182
155,183
155,184
155,185
155,186
155,187
155,188
155,189
155,190
155,191
155,192
155,193
155,194
155,195
155,196
155,197
155,198
155,199
155,200
155,201
155,202
155,203
155,204
155,205
155,206
155,207
155,208
155,209
155,210
155,211
155,212
155,213
155,214
155,215
155,216
155,217
155,218
155,219
155,220
155,221
155,222
155,223
155,224
155,225
155,226
155,227
155,228
155,229
155,230
155,231
155,232
155,233
155,234
155,235
155,236
155,237
155,238
155,239
155,240
155,241
155,242
155,243
155,244
155,245
155,246
155,247
155,248
155,249
156,0
156,1
156,2
156,3
156,4
156,5
156,6
156,7
156,8
156,9
156,10
156,11
156,12
156,13
156,14
156,15
156,16
156,17
156,18
156,19
156,20
156,21
156,22
156,23
156,24
156,25
156,26
156,27
156,28
156,29
156,30
156,31
156,32
156,33
156,34
156,35
156,36
156,37
156,38
156,39
156,40
156,41
156,42
156,43
156,44
156,45
156,46
156,47
156,48
156,49
156,50
156,51
156,52
156,53
156,54
156,55
156,56
156,57
156,58
156,59
156,60
156,61
156,62
156,63
156,64
156,65
156,66
156,67
156,68
156,69
156,70
156,71
156,72
156,73
156,74
156,75
156,76
156,77
156,78
156,79
156,80
156,81
156,82
156,83
156,84
156,85
156,86
156,87
156,88
156,89
156,90
156,91
156,92
156,93
156,94
156,95
156,96
156,97
156,98
156,99
156,100
156,101
156,102
156,103
156,104
156,105
156,106
156,107
156,108
156,109
156,110
156,111
156,112
156,113
156,114
156,115
156,116
156,117
156,118
156,119
156,120
156,121
156,122
156,123
156,124
156,125
156,126
156,127
156,128
156,129
156,130
156,131
156,132
156,133
156,134
156,135
156,136
156,137
156,138
156,139
156,140
156,141
156,142
156,143
156,144
156,145
156,146
156,147
156,148
156,149
156,150
156,151
156,152
156,153
156,154
156,155
156,156
156,157
156,158
156,159
156,160
156,161
156,162
156,163
156,164
156,165
156,166
156,167
156,168
156,169
156,170
156,171
156,172
156,173
156,174
156,175
156,176
156,177
156,178
156,179
156,180
156,181
156,182
156,183
156,184
156,185
156,186
156,187
156,188
156,189
156,190
156,191
156,192
156,193
156,194
156,195
156,196
156,197
156,198
156,199
156,200
156,201
156,202
156,203
156,204
156,205
156,206
156,207
156,208
156,209
156,210
156,211
156,212
156,213
156,214
156,215
156,216
156,217
156,218
156,219
156,220
156,221
156,222
156,223
156,224
156,225
156,226
156,227
156,228
156,229
156,230
156,231
156,232
156,233
156,234
156,235
156,236
156,237
156,238
156,239
156,240
156,241
156,242
156,243
156,244
156,245
156,246
156,247
156,248
156,249
157,0
157,1
157,2
157,3
157,4
157,5
157,6
157,7
157,8
157,9
157,10
157,11
157,12
157,13
157,14
157,15
157,16
157,17
157,18
157,19
157,20
157,21
157,22
157,23
157,24
157,25
157,26
157,27
157,28
157,29
157,30
157,31
157,32
157,33
157,34
157,35
157,36
157,37
157,38
157,39
157,40
157,41
157,42
157,43
157,44
157,45
157,46
157,47
157,48
157,49
157,50
157,51
157,52
157,53
157,54
157,55
157,56
157,57
157,58
157,59
157,60
157,61
157,62
157,63
157,64
157,65
157,66
157,67
157,68
157,69
157,70
157,71
157,72
157,73
157,74
157,75
157,76
157,77
157,78
157,79
157,80
157,81
157,82
157,83
157,84
157,85
157,86
157,87
157,88
157,89
157,90
157,91
157,92
157,93
157,94
157,95
157,96
157,97
157,98
157,99
157,100
157,101
157,102
157,103
157,104
157,105
157,106
157,107
157,108
157,109
157,110
157,111
157,112
157,113
157,114
157,115
157,116
157,117
157,118
157,119
157,120
157,121
157,122
157,123
157,124
157,125
157,126
157,127
157,128
157,129
157,130
157,131
157,132
157,133
157,134
157,135
157,136
157,137
157,138
157,139
157,140
157,141
157,142
157,143
157,144
157,145
157,146
157,147
157,148
157,149
157,150
157,151
157,152
157,153
157,154
157,155
157,156
157,157
157,158
157,159
157,160
157,161
157,162
157,163
157,164
157,165
157,166
157,167
157,168
157,169
157,170
157,171
157,172
157,173
157,174
157,175
157,176
157,177
157,178
157,179
157,180
157,181
157,182
157,183
157,184
157,185
157,186
157,187
157,188
157,189
157,190
157,191
157,192
157,193
157,194
157,195
157,196
157,197
157,198
157,199
157,200
157,201
157,202
157,203
157,204
157,205
157,206
157,207
157,208
157,209
157,210
157,211
157,212
157,213
157,214
157,215
157,216
157,217
157,218
157,219
157,220
157,221
157,222
157,223
157,224
157,225
157,226
157,227
157,228
157,229
157,230
157,231
157,232
157,233
157,234
157,235
157,236
157,237
157,238
157,239
157,240
157,241
157,242
157,243
157,244
157,245
157,246
157,247
157,248
157,249
158,0
158,1
158,2
158,3
158,4
158,5
158,6
158,7
158,8
158,9
158,10
158,11
158,12
158,13
158,14
158,15
158,16
158,17
158,18
158,19
158,20
158,21
158,22
158,23
158,24
158,25
158,26
158,27
158,28
158,29
158,30
158,31
158,32
158,33
158,34
158,35
158,36
158,37
158,38
158,39
158,40
158,41
158,42
158,43
158,44
158,45
158,46
158,47
158,48
158,49
158,50
158,51
158,52
158,53
158,54
158,55
158,56
158,57
158,58
158,59
158,60
158,61
158,62
158,63
158,64
158,65
158,66
158,67
158,68
158,69
158,70
158,71
158,72
158,73
158,74
158,75
158,76
158,77
158,78
158,79
158,80
158,81
158,82
158,83
158,84
158,85
158,86
158,87
158,88
158,89
158,90
158,91
158,92
158,93
158,94
158,95
158,96
158,97
158,98
158,99
158,100
158,101
158,102
158,103
158,104
158,105
158,106
158,107
158,108
158,109
158,110
158,111
158,112
158,113
158,114
158,115
158,116
158,117
158,118
158,119
158,120
158,121
158,122
158,123
158,124
158,125
158,126
158,127
158,128
158,129
158,130
158,131
158,132
158,133
158,134
158,135
158,136
158,137
158,138
158,139
158,140
158,141
158,142
158,143
158,144
158,145
158,146
158,147
158,148
158,149
158,150
158,151
158,152
158,153
158,154
158,155
158,156
158,157
158,158
158,159
158,160
158,161
158,162
158,163
158,164
158,165
158,166
158,167
158,168
158,169
158,170
158,171
158,172
158,173
158,174
158,175
158,176
158,177
158,178
158,179
158,180
158,181
158,182
158,183
158,184
158,185
158,186
158,187
158,188
158,189
158,190
158,191
158,192
158,193
158,194
158,195
158,196
158,197
158,198
158,199
158,200
158,201
158,202
158,203
158,204
158,205
158,206
158,207
158,208
158,209
158,210
158,211
158,212
158,213
158,214
158,215
158,216
158,217
158,218
158,219
158,220
158,221
158,222
158,223
158,224
158,225
158,226
158,227
158,228
158,229
158,230
158,231
158,232
158,233
158,234
158,235
158,236
158,237
158,238
158,239
158,240
158,241
158,242
158,243
158,244
158,245
158,246
158,247
158,248
158,249
159,0
159,1
159,2
159,3
159,4
159,5
159,6
159,7
159,8
159,9
159,10
159,11
159,12
159,13
159,14
159,15
159,16
159,17
159,18
159,19
159,20
159,21
159,22
159,23
159,24
159,25
159,26
159,27
159,28
159,29
159,30
159,31
159,32
159,33
159,34
159,35
159,36
159,37
159,38
159,39
159,40
159,41
159,42
159,43
159,44
159,45
159,46
159,47
159,48
159,49
159,50
159,51
159,52
159,53
159,54
159,55
159,56
159,57
159,58
159,59
159,60
159,61
159,62
159,63
159,64
159,65
159,66
159,67
159,68
159,69
159,70
159,71
159,72
159,73
159,74
159,75
159,76
159,77
159,78
159,79
159,80
159,81
159,82
159,83
159,84
159,85
159,86
159,87
159,88
159,89
159,90
159,91
159,92
159,93
159,94
159,95
159,96
159,97
159,98
159,99
159,100
159,101
159,102
159,103
159,104
159,105
159,106
159,107
159,108
159,109
159,110
159,111
159,112
159,113
159,114
159,115
159,116
159,117
159,118
159,119
159,120
159,121
159,122
159,123
159,124
159,125
159,126
159,127
159,128
159,129
159,130
159,131
159,132
159,133
159,134
159,135
159,136
159,137
159,138
159,139
159,140
159,141
159,142
159,143
159,144
159,145
159,146
159,147
159,148
159,149
159,150
159,151
159,152
159,153
159,154
159,155
159,156
159,157
159,158
159,159
159,160
159,161
159,162
159,163
159,164
159,165
159,166
159,167
159,168
159,169
159,170
159,171
159,172
159,173
159,174
159,175
159,176
159,177
159,178
159,179
159,180
159,181
159,182
159,183
159,184
159,185
159,186
159,187
159,188
159,189
159,190
159,191
159,192
159,193
159,194
159,195
159,196
159,197
159,198
159,199
159,200
159,201
159,202
159,203
159,204
159,205
159,206
159,207
159,208
159,209
159,210
159,211
159,212
159,213
159,214
159,215
159,216
159,217
159,218
159,219
159,220
159,221
159,222
159,223
159,224
159,225
159,226
159,227
159,228
159,229
159,230
159,231
159,232
159,233
159,234
159,235
159,236
159,237
159,238
159,239
159,240
159,241
159,242
159,243
159,244
159,245
159,246
159,247
159,248
159,249
160,0
160,1
160,2
160,3
160,4
160,5
160,6
160,7
160,8
160,9
160,10
160,11
160,12
160,13
160,14
160,15
160,16
160,17
160,18
160,19
160,20
160,21
160,22
160,23
160,24
160,25
160,26
160,27
160,28
160,29
160,30
160,31
160,32
160,33
160,34
160,35
160,36
160,37
160,38
160,39
160,40
160,41
160,42
160,43
160,44
160,45
160,46
160,47
160,48
160,49
160,50
160,51
160,52
160,53
160,54
160,55
160,56
160,57
160,58
160,59
160,60
160,61
160,62
160,63
160,64
160,65
160,66
160,67
160,68
160,69
160,70
160,71
160,72
160,73
160,74
160,75
160,76
160,77
160,78
160,79
160,80
160,81
160,82
160,83
160,84
160,85
160,86
160,87
160,88
160,89
160,90
160,91
160,92
160,93
160,94
160,95
160,96
160,97
160,98
160,99
160,100
160,101
160,102
160,103
160,104
160,105
160,106
160,107
160,108
160,109
160,110
160,111
160,112
160,113
160,114
160,115
160,116
160,117
160,118
160,119
160,120
160,121
160,122
160,123
160,124
160,125
160,126
160,127
160,128
160,129
160,130
160,131
160,132
160,133
160,134
160,135
160,136
160,137
160,138
160,139
160,140
160,141
160,142
160,143
160,144
160,145
160,146
160,147
160,148
160,149
160,150
160,151
160,152
160,153
160,154
160,155
160,156
160,157
160,158
160,159
160,160
160,161
160,162
160,163
160,164
160,165
160,166
160,167
160,168
160,169
160,170
160,171
160,172
160,173
160,174
160,175
160,176
160,177
160,178
160,179
160,180
160,181
160,182
160,183
160,184
160,185
160,186
160,187
160,188
160,189
160,190
160,191
160,192
160,193
160,194
160,195
160,196
160,197
160,198
160,199
160,200
160,201
160,202
160,203
160,204
160,205
160,206
160,207
160,208
160,209
160,210
160,211
160,212
160,213
160,214
160,215
160,216
160,217
160,218
160,219
160,220
160,221
160,222
160,223
160,224
160,225
160,226
160,227
160,228
160,229
160,230
160,231
160,232
160,233
160,234
160,235
160,236
160,237
160,238
160,239
160,240
160,241
160,242
160,243
160,244
160,245
160,246
160,247
160,248
160,249
161,0
161,1
161,2
161,3
161,4
161,5
161,6
161,7
161,8
161,9
161,10
161,11
161,12
161,13
161,14
161,15
161,16
161,17
161,18
161,19
161,20
161,21
161,22
161,23
161,24
161,25
161,26
161,27
161,28
161,29
161,30
161,31
161,32
161,33
161,34
161,35
161,36
161,37
161,38
161,39
161,40
161,41
161,42
161,43
161,44
161,45
161,46
161,47
161,48
161,49
161,50
161,51
161,52
161,53
161,54
161,55
161,56
161,57
161,58
161,59
161,60
161,61
161,62
161,63
161,64
161,65
161,66
161,67
161,68
161,69
161,70
161,71
161,72
161,73
161,74
161,75
161,76
161,77
161,78
161,79
161,80
161,81
161,82
161,83
161,84
161,85
161,86
161,87
161,88
161,89
161,90
161,91
161,92
161,93
161,94
161,95
161,96
161,97
161,98
161,99
161,100
161,101
161,102
161,103
161,104
161,105
161,106
161,107
161,108
161,109
161,110
161,111
161,112
161,113
161,114
161,115
161,116
161,117
161,118
161,119
161,120
161,121
161,122
161,123
161,124
161,125
161,126
161,127
161,128
161,129
161,130
161,131
161,132
161,133
161,134
161,135
161,136
161,137
161,138
161,139
161,140
161,141
161,142
161,143
161,144
161,145
161,146
161,147
161,148
161,149
161,150
161,151
161,152
161,153
161,154
161,155
161,156
161,157
161,158
161,159
161,160
161,161
161,162
161,163
161,164
161,165
161,166
161,167
161,168
161,169
161,170
161,171
161,172
161,173
161,174
161,175
161,176
161,177
161,178
161,179
161,180
161,181
161,182
161,183
161,184
161,185
161,186
161,187
161,188
161,189
161,190
161,191
161,192
161,193
161,194
161,195
161,196
161,197
161,198
161,199
161,200
161,201
161,202
161,203
161,204
161,205
161,206
161,207
161,208
161,209
161,210
161,211
161,212
161,213
161,214
161,215
161,216
161,217
161,218
161,219
161,220
161,221
161,222
161,223
161,224
161,225
161,226
161,227
161,228
161,229
161,230
161,231
161,232
161,233
161,234
161,235
161,236
161,237
161,238
161,239
161,240
161,241
161,242
161,243
161,244
161,245
161,246
161,247
161,248
161,249
162,0
162,1
162,2
162,3
162,4
162,5
162,6
162,7
162,8
162,9
162,10
162,11
162,12
162,13
162,14
162,15
162,16
162,17
162,18
162,19
162,20
162,21
162,22
162,23
162,24
162,25
162,26
162,27
162,28
162,29
162,30
162,31
162,32
162,33
162,34
162,35
162,36
162,37
162,38
162,39
162,40
162,41
162,42
162,43
162,44
162,45
162,46
162,47
162,48
162,49
162,50
162,51
162,52
162,53
162,54
162,55
162,56
162,57
162,58
162,59
162,60
162,61
162,62
162,63
162,64
162,65
162,66
162,67
162,68
162,69
162,70
162,71
162,72
162,73
162,74
162,75
162,76
162,77
162,78
162,79
162,80
162,81
162,82
162,83
162,84
162,85
162,86
162,87
162,88
162,89
162,90
162,91
162,92
162,93
162,94
162,95
162,96
162,97
162,98
162,99
162,100
162,101
162,102
162,103
162,104
162,105
162,106
162,107
162,108
162,109
162,110
162,111
162,112
162,113
162,114
162,115
162,116
162,117
162,118
162,119
162,120
162,121
162,122
162,123
162,124
162,125
162,126
162,127
162,128
162,129
162,130
162,131
162,132
162,133
162,134
162,135
162,136
162,137
162,138
162,139
162,140
162,141
162,142
162,143
162,144
162,145
162,146
162,147
162,148
162,149
162,150
162,151
162,152
162,153
162,154
162,155
162,156
162,157
162,158
162,159
162,160
162,161
162,162
162,163
162,164
162,165
162,166
162,167
162,168
162,169
162,170
162,171
162,172
162,173
162,174
162,175
162,176
162,177
162,178
162,179
162,180
162,181
162,182
162,183
162,184
162,185
162,186
162,187
162,188
162,189
162,190
162,191
162,192
162,193
162,194
162,195
162,196
162,197
162,198
162,199
162,200
162,201
162,202
162,203
162,204
162,205
162,206
162,207
162,208
162,209
162,210
162,211
162,212
162,213
162,214
162,215
162,216
162,217
162,218
162,219
162,220
162,221
162,222
162,223
162,224
162,225
162,226
162,227
162,228
162,229
162,230
162,231
162,232
162,233
162,234
162,235
162,236
162,237
162,238
162,239
162,240
162,241
162,242
162,243
162,244
162,245
162,246
162,247
162,248
162,249
163,173
163,174
163,175
163,176
163,177
163,178
163,179
163,180
163,181
163,182
163,183
163,184
163,185
163,186
163,187
164,173
164,174
164,175
164,176
164,177
164,178
164,179
164,180
164,181
164,182
164,183
164,184
164,185
164,186
164,187
165,173
165,174
165,175
165,176
165,177
165,178
165,179
165,180
165,181
165,182
165,183
165,184
165,185
165,186
165,187
166,173
166,174
166,175
166,176
166,177
166,178
166,179
166,180
166,181
166,182
166,183
166,184
166,185
166,186
166,187
167,173
167,174
167,175
167,176
167,177
167,178
167,179
167,180
167,181
167,182
167,183
167,184
167,185
167,186
167,187
168,173
168,174
168,175
168,176
168,177
168,178
168,179
168,180
168,181
168,182
168,183
168,184
168,185
168,186
168,187
169,173
169,174
169,175
169,176
169,177
169,178
169,179
169,180
169,181
169,182
169,183
169,184
169,185
169,186
169,187
170,173
170,174
170,175
170,176
170,177
170,178
170,179
170,180
170,181
170,182
170,183
170,184
170,185
170,186
170,187
171,173
171,174
171,175
171,176
171,177
171,178
171,179
171,180
171,181
171,182
171,183
171,184
171,185
171,186
171,187
172,173
172,174
172,175
172,176
172,177
172,178
172,179
172,180
172,181
172,182
172,183
172,184
172,185
172,186
172,187
173,173
173,174
173,175
173,176
173,177
173,178
173,179
173,180
173,181
173,182
173,183
173,184
173,185
173,186
173,187
174,173
174,174
174,175
174,176
174,177
174,178
174,179
174,180
174,181
174,182
174,183
174,184
174,185
174,186
174,187
175,173
175,174
175,175
175,176
175,177
175,178
175,179
175,180
175,181
175,182
175,183
175,184
175,185
175,186
175,187
176,173
176,174
176,175
176,176
176,177
176,178
176,179
176,180
176,181
176,182
176,183
176,184
176,185
176,186
176,187
177,173
177,174
177,175
177,176
177,177
177,178
177,179
177,180
177,181
177,182
177,183
177,184
177,185
177,186
177,187
178,173
178,174
178,175
178,176
178,177
178,178
178,179
178,180
178,181
178,182
178,183
178,184
178,185
178,186
178,187
179,173
179,174
179,175
179,176
179,177
179,178
179,179
179,180
179,181
179,182
179,183
179,184
179,185
179,186
179,187
180,173
180,174
180,175
180,176
180,177
180,178
180,179
180,180
180,181
180,182
180,183
180,184
180,185
180,186
180,187
181,173
181,174
181,175
181,176
181,177
181,178
181,179
181,180
181,181
181,182
181,183
181,184
181,185
181,186
181,187
182,173
182,174
182,175
182,176
182,177
182,178
182,179
182,180
182,181
182,182
182,183
182,184
182,185
182,186
182,187
183,173
183,174
183,175
183,176
183,177
183,178
183,179
183,180
183,181
183,182
183,183
183,184
183,185
183,186
183,187
184,173
184,174
184,175
184,176
184,177
184,178
184,179
184,180
184,181
184,182
184,183
184,184
184,185
184,186
184,187
185,173
185,174
185,175
185,176
185,177
185,178
185,179
185,180
185,181
185,182
185,183
185,184
185,185
185,186
185,187
186,173
186,174
186,175
186,176
186,177
186,178
186,179
186,180
186,181
186,182
186,183
186,184
186,185
186,186
186,187
187,173
187,174
187,175
187,176
187,177
187,178
187,179
187,180
187,181
187,182
187,183
187,184
187,185
187,186
187,187
188,173
188,174
188,175
188,176
188,177
188,178
188,179
188,180
188,181
188,182
188,183
188,184
188,185
188,186
188,187
189,173
189,174
189,175
189,176
189,177
189,178
189,179
189,180
189,181
189,182
189,183
189,184
189,185
189,186
189,187
190,173
190,174
190,175
190,176
190,177
190,178
190,179
190,180
190,181
190,182
190,183
190,184
190,185
190,186
190,187
191,173
191,174
191,175
191,176
191,177
191,178
191,179
191,180
191,181
191,182
191,183
191,184
191,185
191,186
191,187
192,173
192,174
192,175
192,176
192,177
192,178
192,179
192,180
192,181
192,182
192,183
192,184
192,185
192,186
192,187
193,173
193,174
193,175
193,176
193,177
193,178
193,179
193,180
193,181
193,182
193,183
193,184
193,185
193,186
193,187
194,173
194,174
194,175
194,176
194,177
194,178
194,179
194,180
194,181
194,182
194,183
194,184
194,185
194,186
194,187
195,173
195,174
195,175
195,176
195,177
195,178
195,179
195,180
195,181
195,182
195,183
195,184
195,185
195,186
195,187
196,173
196,174
196,175
196,176
196,177
196,178
196,179
196,180
196,181
196,182
196,183
196,184
196,185
196,186
196,187
197,173
197,174
197,175
197,176
197,177
197,178
197,179
197,180
197,181
197,182
197,183
197,184
197,185
197,186
197,187
198,173
198,174
198,175
198,176
198,177
198,178
198,179
198,180
198,181
198,182
198,183
198,184
198,185
198,186
198,187
199,173
199,174
199,175
199,176
199,177
199,178
199,179
199,180
199,181
199,182
199,183
199,184
199,185
199,186
199,187
200,173
200,174
200,175
200,176
200,177
200,178
200,179
200,180
200,181
200,182
200,183
200,184
200,185
200,186
200,187
201,173
201,174
201,175
201,176
201,177
201,178
201,179
201,180
201,181
201,182
201,183
201,184
201,185
201,186
201,187
202,173
202,174
202,175
202,176
202,177
202,178
202,179
202,180
202,181
202,182
202,183
202,184
202,185
202,186
202,187
203,173
203,174
203,175
203,176
203,177
203,178
203,179
203,180
203,181
203,182
203,183
203,184
203,185
203,186
203,187
204,173
204,174
204,175
204,176
204,177
204,178
204,179
204,180
204,181
204,182
204,183
204,184
204,185
204,186
204,187
205,173
205,174
205,175
205,176
205,177
205,178
205,179
205,180
205,181
205,182
205,183
205,184
205,185
205,186
205,187
206,173
206,174
206,175
206,176
206,177
206,178
206,179
206,180
206,181
206,182
206,183
206,184
206,185
206,186
206,187
207,173
207,174
207,175
207,176
207,177
207,178
207,179
207,180
207,181
207,182
207,183
207,184
207,185
207,186
207,187
208,173
208,174
208,175
208,176
208,177
208,178
208,179
208,180
208,181
208,182
208,183
208,184
208,185
208,186
208,187
209,173
209,174
209,175
209,176
209,177
209,178
209,179
209,180
209,181
209,182
209,183
209,184
209,185
209,186
209,187
210,173
210,174
210,175
210,176
210,177
210,178
210,179
210,180
210,181
210,182
210,183
210,184
210,185
210,186
210,187
211,173
211,174
211,175
211,176
211,177
211,178
211,179
211,180
211,181
211,182
211,183
211,184
211,185
211,186
211,187
212,173
212,174
212,175
212,176
212,177
212,178
212,179
212,180
212,181
212,182
212,183
212,184
212,185
212,186
212,187
213,173
213,174
213,175
213,176
213,177
213,178
213,179
213,180
213,181
213,182
213,183
213,184
213,185
213,186
213,187
214,173
214,174
214,175
214,176
214,177
214,178
214,179
214,180
214,181
214,182
214,183
214,184
214,185
214,186
214,187
215,173
215,174
215,175
215,176
215,177
215,178
215,179
215,180
215,181
215,182
215,183
215,184
215,185
215,186
215,187
216,173
216,174
216,175
216,176
216,177
216,178
216,179
216,180
216,181
216,182
216,183
216,184
216,185
216,186
216,187
217,173
217,174
217,175
217,176
217,177
217,178
217,179
217,180
217,181
217,182
217,183
217,184
217,185
217,186
217,187
218,173
218,174
218,175
218,176
218,177
218,178
218,179
218,180
218,181
218,182
218,183
218,184
218,185
218,186
218,187
219,173
219,174
219,175
219,176
219,177
219,178
219,179
219,180
219,181
219,182
219,183
219,184
219,185
219,186
219,187
220,173
220,174
220,175
220,176
220,177
220,178
220,179
220,180
220,181
220,182
220,183
220,184
220,185
220,186
220,187
221,173
221,174
221,175
221,176
221,177
221,178
221,179
221,180
221,181
221,182
221,183
221,184
221,185
221,186
221,187
222,173
222,174
222,175
222,176
222,177
222,178
222,179
222,180
222,181
222,182
222,183
222,184
222,185
222,186
222,187
223,173
223,174
223,175
223,176
223,177
223,178
223,179
223,180
223,181
223,182
223,183
223,184
223,185
223,186
223,187
224,173
224,174
224,175
224,176
224,177
224,178
224,179
224,180
224,181
224,182
224,183
224,184
224,185
224,186
224,187
225,173
225,174
225,175
225,176
225,177
225,178
225,179
225,180
225,181
225,182
225,183
225,184
225,185
225,186
225,187
226,173
226,174
226,175
226,176
226,177
226,178
226,179
226,180
226,181
226,182
226,183
226,184
226,185
226,186
226,187
227,173
227,174
227,175
227,176
227,177
227,178
227,179
227,180
227,181
227,182
227,183
227,184
227,185
227,186
227,187
228,173
228,174
228,175
228,176
228,177
228,178
228,179
228,180
228,181
228,182
228,183
228,184
228,185
228,186
228,187
229,173
229,174
229,175
229,176
229,177
229,178
229,179
229,180
229,181
229,182
229,183
229,184
229,185
229,186
229,187
230,173
230,174
230,175
230,176
230,177
230,178
230,179
230,180
230,181
230,182
230,183
230,184
230,185
230,186
230,187
231,173
231,174
231,175
231,176
231,177
231,178
231,179
231,180
231,181
231,182
231,183
231,184
231,185
231,186
231,187
232,173
232,174
232,175
232,176
232,177
232,178
232,179
232,180
232,181
232,182
232,183
232,184
232,185
232,186
232,187
233,173
233,174
233,175
233,176
233,177
233,178
233,179
233,180
233,181
233,182
233,183
233,184
233,185
233,186
233,187
234,173
234,174
234,175
234,176
234,177
234,178
234,179
234,180
234,181
234,182
234,183
234,184
234,185
234,186
234,187
235,173
235,174
235,175
235,176
235,177
235,178
235,179
235,180
235,181
235,182
235,183
235,184
235,185
235,186
235,187
236,173
236,174
236,175
236,176
236,177
236,178
236,179
236,180
236,181
236,182
236,183
236,184
236,185
236,186
236,187
237,173
237,174
237,175
237,176
237,177
237,178
237,179
237,180
237,181
237,182
237,183
237,184
237,185
237,186
237,187
238,173
238,174
238,175
238,176
238,177
238,178
238,179
238,180
238,181
238,182
238,183
238,184
238,185
238,186
238,187
239,173
239,174
239,175
239,176
239,177
239,178
239,179
239,180
239,181
239,182
239,183
239,184
239,185
239,186
239,187
240,173
240,174
240,175
240,176
240,177
240,178
240,179
240,180
240,181
240,182
240,183
240,184
240,185
240,186
240,187
241,173
241,174
241,175
241,176
241,177
241,178
241,179
241,180
241,181
241,182
241,183
241,184
241,185
241,186
241,187
242,173
242,174
242,175
242,176
242,177
242,178
242,179
242,180
242,181
242,182
242,183
242,184
242,185
242,186
242,187
243,173
243,174
243,175
243,176
243,177
243,178
243,179
243,180
243,181
243,182
243,183
243,184
243,185
243,186
243,187
244,173
244,174
244,175
244,176
244,177
244,178
244,179
244,180
244,181
244,182
244,183
244,184
244,185
244,186
244,187
245,173
245,174
245,175
245,176
245,177
245,178
245,179
245,180
245,181
245,182
245,183
245,184
245,185
245,186
245,187
246,173
246,174
246,175
246,176
246,177
246,178
246,179
246,180
246,181
246,182
246,183
246,184
246,185
246,186
246,187
247,173
247,174
247,175
247,176
247,177
247,178
247,179
247,180
247,181
247,182
247,183
247,184
247,185
247,186
247,187
248,173
248,174
248,175
248,176
248,177
248,178
248,179
248,180
248,181
248,182
248,183
248,184
248,185
248,186
248,187
249,173
249,174
249,175
249,176
249,177
249,178
249,179
249,180
249,181
249,182
249,183
249,184
249,185
249,186
249,187
